  0.11185E+01  0.72963E+01  0.22855E+01
  0.11174E+01  0.72872E+01  0.22816E+01
  0.11163E+01  0.72781E+01  0.22777E+01
  0.11153E+01  0.72692E+01  0.22738E+01
  0.11142E+01  0.72602E+01  0.22699E+01
  0.11132E+01  0.72512E+01  0.22660E+01
  0.11121E+01  0.72420E+01  0.22622E+01
  0.11111E+01  0.72332E+01  0.22583E+01
  0.11100E+01  0.72243E+01  0.22544E+01
  0.11090E+01  0.72154E+01  0.22505E+01
  0.11079E+01  0.72062E+01  0.22467E+01
  0.11069E+01  0.71972E+01  0.22428E+01
  0.11058E+01  0.71882E+01  0.22389E+01
  0.11048E+01  0.71792E+01  0.22351E+01
  0.11037E+01  0.71702E+01  0.22312E+01
  0.11026E+01  0.71611E+01  0.22274E+01
  0.11016E+01  0.71522E+01  0.22235E+01
  0.11005E+01  0.71433E+01  0.22197E+01
  0.10995E+01  0.71344E+01  0.22158E+01
  0.10984E+01  0.71253E+01  0.22120E+01
  0.10974E+01  0.71164E+01  0.22082E+01
  0.10963E+01  0.71075E+01  0.22044E+01
  0.10953E+01  0.70986E+01  0.22005E+01
  0.10942E+01  0.70896E+01  0.21967E+01
  0.10931E+01  0.70806E+01  0.21929E+01
  0.10921E+01  0.70717E+01  0.21891E+01
  0.10911E+01  0.70629E+01  0.21853E+01
  0.10900E+01  0.70540E+01  0.21815E+01
  0.10890E+01  0.70450E+01  0.21777E+01
  0.10879E+01  0.70362E+01  0.21739E+01
  0.10869E+01  0.70274E+01  0.21701E+01
  0.10858E+01  0.70185E+01  0.21663E+01
  0.10848E+01  0.70096E+01  0.21625E+01
  0.10837E+01  0.70005E+01  0.21587E+01
  0.10827E+01  0.69917E+01  0.21549E+01
  0.10816E+01  0.69829E+01  0.21511E+01
  0.10806E+01  0.69741E+01  0.21474E+01
  0.10795E+01  0.69650E+01  0.21436E+01
  0.10785E+01  0.69563E+01  0.21398E+01
  0.10774E+01  0.69475E+01  0.21361E+01
  0.10764E+01  0.69387E+01  0.21323E+01
  0.10753E+01  0.69299E+01  0.21286E+01
  0.10743E+01  0.69210E+01  0.21248E+01
  0.10732E+01  0.69123E+01  0.21211E+01
  0.10722E+01  0.69035E+01  0.21173E+01
  0.10711E+01  0.68946E+01  0.21136E+01
  0.10700E+01  0.68855E+01  0.21098E+01
  0.10690E+01  0.68768E+01  0.21061E+01
  0.10680E+01  0.68680E+01  0.21024E+01
  0.10669E+01  0.68592E+01  0.20987E+01
  0.10658E+01  0.68503E+01  0.20949E+01
  0.10648E+01  0.68415E+01  0.20912E+01
  0.10638E+01  0.68328E+01  0.20875E+01
  0.10627E+01  0.68241E+01  0.20838E+01
  0.10617E+01  0.68152E+01  0.20801E+01
  0.10606E+01  0.68064E+01  0.20764E+01
  0.10596E+01  0.67977E+01  0.20727E+01
  0.10585E+01  0.67890E+01  0.20690E+01
  0.10575E+01  0.67801E+01  0.20653E+01
  0.10564E+01  0.67712E+01  0.20616E+01
  0.10554E+01  0.67625E+01  0.20579E+01
  0.10543E+01  0.67538E+01  0.20542E+01
  0.10533E+01  0.67451E+01  0.20506E+01
  0.10522E+01  0.67363E+01  0.20469E+01
  0.10512E+01  0.67276E+01  0.20432E+01
  0.10502E+01  0.67190E+01  0.20396E+01
  0.10491E+01  0.67103E+01  0.20359E+01
  0.10481E+01  0.67016E+01  0.20322E+01
  0.10470E+01  0.66928E+01  0.20286E+01
  0.10460E+01  0.66842E+01  0.20249E+01
  0.10449E+01  0.66755E+01  0.20213E+01
  0.10439E+01  0.66667E+01  0.20176E+01
  0.10428E+01  0.66579E+01  0.20140E+01
  0.10418E+01  0.66493E+01  0.20103E+01
  0.10407E+01  0.66407E+01  0.20067E+01
  0.10397E+01  0.66320E+01  0.20031E+01
  0.10386E+01  0.66231E+01  0.19995E+01
  0.10376E+01  0.66145E+01  0.19958E+01
  0.10366E+01  0.66059E+01  0.19922E+01
  0.10355E+01  0.65973E+01  0.19886E+01
  0.10345E+01  0.65885E+01  0.19850E+01
  0.10334E+01  0.65798E+01  0.19814E+01
  0.10324E+01  0.65713E+01  0.19778E+01
  0.10313E+01  0.65627E+01  0.19742E+01
  0.10303E+01  0.65540E+01  0.19706E+01
  0.10292E+01  0.65452E+01  0.19670E+01
  0.10282E+01  0.65366E+01  0.19634E+01
  0.10272E+01  0.65280E+01  0.19598E+01
  0.10261E+01  0.65194E+01  0.19562E+01
  0.10250E+01  0.65107E+01  0.19526E+01
  0.10240E+01  0.65021E+01  0.19491E+01
  0.10230E+01  0.64936E+01  0.19455E+01
  0.10219E+01  0.64849E+01  0.19419E+01
  0.10209E+01  0.64762E+01  0.19384E+01
  0.10198E+01  0.64677E+01  0.19348E+01
  0.10188E+01  0.64592E+01  0.19312E+01
  0.10178E+01  0.64506E+01  0.19277E+01
  0.10167E+01  0.64418E+01  0.19241E+01
  0.10157E+01  0.64333E+01  0.19206E+01
  0.10146E+01  0.64248E+01  0.19170E+01
  0.10136E+01  0.64163E+01  0.19135E+01
  0.10125E+01  0.64076E+01  0.19100E+01
  0.10115E+01  0.63990E+01  0.19064E+01
  0.10105E+01  0.63906E+01  0.19029E+01
  0.10094E+01  0.63821E+01  0.18994E+01
  0.10084E+01  0.63735E+01  0.18959E+01
  0.10073E+01  0.63649E+01  0.18923E+01
  0.10063E+01  0.63565E+01  0.18888E+01
  0.10053E+01  0.63479E+01  0.18853E+01
  0.10042E+01  0.63393E+01  0.18818E+01
  0.10031E+01  0.63307E+01  0.18783E+01
  0.10021E+01  0.63223E+01  0.18748E+01
  0.10011E+01  0.63138E+01  0.18713E+01
  0.10000E+01  0.63052E+01  0.18678E+01
  0.99898E+00  0.62966E+01  0.18643E+01
  0.99795E+00  0.62882E+01  0.18608E+01
  0.99692E+00  0.62797E+01  0.18574E+01
  0.99588E+00  0.62712E+01  0.18539E+01
  0.99482E+00  0.62626E+01  0.18504E+01
  0.99379E+00  0.62543E+01  0.18469E+01
  0.99276E+00  0.62459E+01  0.18435E+01
  0.99171E+00  0.62373E+01  0.18400E+01
  0.99065E+00  0.62286E+01  0.18366E+01
  0.98962E+00  0.62203E+01  0.18331E+01
  0.98859E+00  0.62119E+01  0.18296E+01
  0.98755E+00  0.62034E+01  0.18262E+01
  0.98649E+00  0.61948E+01  0.18227E+01
  0.98547E+00  0.61865E+01  0.18193E+01
  0.98443E+00  0.61781E+01  0.18159E+01
  0.98339E+00  0.61696E+01  0.18124E+01
  0.98233E+00  0.61610E+01  0.18090E+01
  0.98131E+00  0.61527E+01  0.18056E+01
  0.98028E+00  0.61444E+01  0.18022E+01
  0.97924E+00  0.61360E+01  0.17987E+01
  0.97818E+00  0.61274E+01  0.17953E+01
  0.97716E+00  0.61191E+01  0.17919E+01
  0.97613E+00  0.61108E+01  0.17885E+01
  0.97510E+00  0.61025E+01  0.17851E+01
  0.97403E+00  0.60939E+01  0.17817E+01
  0.97301E+00  0.60856E+01  0.17783E+01
  0.97198E+00  0.60773E+01  0.17749E+01
  0.97094E+00  0.60689E+01  0.17715E+01
  0.96989E+00  0.60604E+01  0.17681E+01
  0.96887E+00  0.60521E+01  0.17647E+01
  0.96784E+00  0.60438E+01  0.17614E+01
  0.96679E+00  0.60354E+01  0.17580E+01
  0.96574E+00  0.60269E+01  0.17546E+01
  0.96472E+00  0.60187E+01  0.17512E+01
  0.96369E+00  0.60104E+01  0.17479E+01
  0.96265E+00  0.60021E+01  0.17445E+01
  0.96160E+00  0.59936E+01  0.17411E+01
  0.96057E+00  0.59853E+01  0.17378E+01
  0.95955E+00  0.59771E+01  0.17344E+01
  0.95851E+00  0.59687E+01  0.17311E+01
  0.95746E+00  0.59604E+01  0.17278E+01
  0.95644E+00  0.59522E+01  0.17244E+01
  0.95542E+00  0.59439E+01  0.17211E+01
  0.95438E+00  0.59356E+01  0.17177E+01
  0.95334E+00  0.59273E+01  0.17144E+01
  0.95232E+00  0.59191E+01  0.17111E+01
  0.95130E+00  0.59109E+01  0.17078E+01
  0.95025E+00  0.59025E+01  0.17044E+01
  0.94921E+00  0.58942E+01  0.17011E+01
  0.94819E+00  0.58861E+01  0.16978E+01
  0.94717E+00  0.58779E+01  0.16945E+01
  0.94611E+00  0.58694E+01  0.16912E+01
  0.94510E+00  0.58614E+01  0.16879E+01
  0.94408E+00  0.58532E+01  0.16846E+01
  0.94305E+00  0.58450E+01  0.16813E+01
  0.94199E+00  0.58366E+01  0.16780E+01
  0.94098E+00  0.58285E+01  0.16747E+01
  0.93996E+00  0.58204E+01  0.16715E+01
  0.93893E+00  0.58122E+01  0.16682E+01
  0.93789E+00  0.58038E+01  0.16649E+01
  0.93687E+00  0.57958E+01  0.16616E+01
  0.93585E+00  0.57876E+01  0.16584E+01
  0.93482E+00  0.57795E+01  0.16551E+01
  0.93379E+00  0.57712E+01  0.16518E+01
  0.93278E+00  0.57632E+01  0.16486E+01
  0.93176E+00  0.57551E+01  0.16453E+01
  0.93071E+00  0.57468E+01  0.16421E+01
  0.92969E+00  0.57386E+01  0.16388E+01
  0.92867E+00  0.57306E+01  0.16356E+01
  0.92765E+00  0.57225E+01  0.16323E+01
  0.92660E+00  0.57142E+01  0.16291E+01
  0.92560E+00  0.57062E+01  0.16259E+01
  0.92458E+00  0.56982E+01  0.16226E+01
  0.92356E+00  0.56901E+01  0.16194E+01
  0.92252E+00  0.56819E+01  0.16162E+01
  0.92152E+00  0.56739E+01  0.16130E+01
  0.92051E+00  0.56659E+01  0.16098E+01
  0.91948E+00  0.56578E+01  0.16065E+01
  0.91846E+00  0.56498E+01  0.16033E+01
  0.91745E+00  0.56418E+01  0.16001E+01
  0.91644E+00  0.56338E+01  0.15969E+01
  0.91540E+00  0.56256E+01  0.15937E+01
  0.91440E+00  0.56177E+01  0.15905E+01
  0.91339E+00  0.56098E+01  0.15873E+01
  0.91237E+00  0.56017E+01  0.15842E+01
  0.91134E+00  0.55936E+01  0.15810E+01
  0.91034E+00  0.55858E+01  0.15778E+01
  0.90933E+00  0.55778E+01  0.15746E+01
  0.90830E+00  0.55697E+01  0.15714E+01
  0.90730E+00  0.55618E+01  0.15683E+01
  0.90630E+00  0.55540E+01  0.15651E+01
  0.90529E+00  0.55460E+01  0.15619E+01
  0.90426E+00  0.55380E+01  0.15588E+01
  0.90326E+00  0.55302E+01  0.15556E+01
  0.90225E+00  0.55222E+01  0.15525E+01
  0.90123E+00  0.55142E+01  0.15493E+01
  0.90023E+00  0.55063E+01  0.15462E+01
  0.89923E+00  0.54986E+01  0.15430E+01
  0.89823E+00  0.54907E+01  0.15399E+01
  0.89720E+00  0.54827E+01  0.15368E+01
  0.89622E+00  0.54750E+01  0.15336E+01
  0.89522E+00  0.54672E+01  0.15305E+01
  0.89420E+00  0.54592E+01  0.15274E+01
  0.89321E+00  0.54515E+01  0.15243E+01
  0.89223E+00  0.54438E+01  0.15212E+01
  0.89123E+00  0.54360E+01  0.15180E+01
  0.89022E+00  0.54281E+01  0.15149E+01
  0.88924E+00  0.54205E+01  0.15118E+01
  0.88825E+00  0.54128E+01  0.15087E+01
  0.88722E+00  0.54048E+01  0.15056E+01
  0.88625E+00  0.53972E+01  0.15025E+01
  0.88526E+00  0.53895E+01  0.14994E+01
  0.88427E+00  0.53818E+01  0.14964E+01
  0.88327E+00  0.53740E+01  0.14933E+01
  0.88230E+00  0.53664E+01  0.14902E+01
  0.88131E+00  0.53588E+01  0.14871E+01
  0.88030E+00  0.53509E+01  0.14840E+01
  0.87934E+00  0.53435E+01  0.14810E+01
  0.87837E+00  0.53359E+01  0.14779E+01
  0.87736E+00  0.53281E+01  0.14748E+01
  0.87640E+00  0.53207E+01  0.14718E+01
  0.87543E+00  0.53132E+01  0.14687E+01
  0.87444E+00  0.53055E+01  0.14657E+01
  0.87346E+00  0.52979E+01  0.14626E+01
  0.87250E+00  0.52904E+01  0.14596E+01
  0.87153E+00  0.52829E+01  0.14565E+01
  0.87054E+00  0.52753E+01  0.14535E+01
  0.86960E+00  0.52680E+01  0.14504E+01
  0.86864E+00  0.52606E+01  0.14474E+01
  0.86765E+00  0.52530E+01  0.14444E+01
  0.86672E+00  0.52458E+01  0.14413E+01
  0.86577E+00  0.52385E+01  0.14383E+01
  0.86479E+00  0.52309E+01  0.14353E+01
  0.86387E+00  0.52238E+01  0.14323E+01
  0.86293E+00  0.52166E+01  0.14293E+01
  0.86196E+00  0.52091E+01  0.14263E+01
  0.86105E+00  0.52021E+01  0.14232E+01
  0.86012E+00  0.51950E+01  0.14202E+01
  0.85916E+00  0.51876E+01  0.14172E+01
  0.85826E+00  0.51807E+01  0.14142E+01
  0.85736E+00  0.51738E+01  0.14112E+01
  0.85645E+00  0.51667E+01  0.14083E+01
  0.85557E+00  0.51600E+01  0.14053E+01
  0.85469E+00  0.51532E+01  0.14023E+01
  0.85381E+00  0.51465E+01  0.13993E+01
  0.85293E+00  0.51397E+01  0.13963E+01
  0.85205E+00  0.51330E+01  0.13933E+01
  0.85117E+00  0.51262E+01  0.13904E+01
  0.85029E+00  0.51195E+01  0.13874E+01
  0.84939E+00  0.51127E+01  0.13844E+01
  0.84851E+00  0.51059E+01  0.13815E+01
  0.84762E+00  0.50991E+01  0.13785E+01
  0.84674E+00  0.50924E+01  0.13756E+01
  0.84585E+00  0.50856E+01  0.13726E+01
  0.84497E+00  0.50789E+01  0.13696E+01
  0.84409E+00  0.50721E+01  0.13667E+01
  0.84320E+00  0.50654E+01  0.13638E+01
  0.84232E+00  0.50587E+01  0.13608E+01
  0.84144E+00  0.50519E+01  0.13579E+01
  0.84055E+00  0.50452E+01  0.13549E+01
  0.83967E+00  0.50385E+01  0.13520E+01
  0.83879E+00  0.50318E+01  0.13491E+01
  0.83791E+00  0.50251E+01  0.13461E+01
  0.83703E+00  0.50184E+01  0.13432E+01
  0.83614E+00  0.50116E+01  0.13403E+01
  0.83525E+00  0.50049E+01  0.13374E+01
  0.83437E+00  0.49982E+01  0.13345E+01
  0.83348E+00  0.49914E+01  0.13316E+01
  0.83260E+00  0.49847E+01  0.13287E+01
  0.83171E+00  0.49780E+01  0.13257E+01
  0.83083E+00  0.49713E+01  0.13228E+01
  0.82994E+00  0.49646E+01  0.13199E+01
  0.82906E+00  0.49579E+01  0.13171E+01
  0.82817E+00  0.49512E+01  0.13142E+01
  0.82729E+00  0.49445E+01  0.13113E+01
  0.82640E+00  0.49378E+01  0.13084E+01
  0.82550E+00  0.49310E+01  0.13055E+01
  0.82462E+00  0.49243E+01  0.13026E+01
  0.82373E+00  0.49176E+01  0.12997E+01
  0.82284E+00  0.49109E+01  0.12969E+01
  0.82196E+00  0.49043E+01  0.12940E+01
  0.82107E+00  0.48976E+01  0.12911E+01
  0.82018E+00  0.48909E+01  0.12883E+01
  0.81929E+00  0.48842E+01  0.12854E+01
  0.81841E+00  0.48775E+01  0.12825E+01
  0.81752E+00  0.48709E+01  0.12797E+01
  0.81664E+00  0.48642E+01  0.12768E+01
  0.81575E+00  0.48575E+01  0.12740E+01
  0.81487E+00  0.48509E+01  0.12711E+01
  0.81398E+00  0.48442E+01  0.12683E+01
  0.81309E+00  0.48376E+01  0.12655E+01
  0.81219E+00  0.48308E+01  0.12626E+01
  0.81130E+00  0.48241E+01  0.12598E+01
  0.81041E+00  0.48175E+01  0.12570E+01
  0.80953E+00  0.48108E+01  0.12541E+01
  0.80864E+00  0.48042E+01  0.12513E+01
  0.80775E+00  0.47975E+01  0.12485E+01
  0.80686E+00  0.47909E+01  0.12457E+01
  0.80598E+00  0.47842E+01  0.12428E+01
  0.80509E+00  0.47776E+01  0.12400E+01
  0.80420E+00  0.47710E+01  0.12372E+01
  0.80332E+00  0.47644E+01  0.12344E+01
  0.80242E+00  0.47577E+01  0.12316E+01
  0.80153E+00  0.47510E+01  0.12288E+01
  0.80063E+00  0.47443E+01  0.12260E+01
  0.79974E+00  0.47377E+01  0.12232E+01
  0.79885E+00  0.47310E+01  0.12204E+01
  0.79796E+00  0.47244E+01  0.12176E+01
  0.79708E+00  0.47178E+01  0.12149E+01
  0.79619E+00  0.47112E+01  0.12121E+01
  0.79530E+00  0.47046E+01  0.12093E+01
  0.79442E+00  0.46980E+01  0.12065E+01
  0.79353E+00  0.46914E+01  0.12038E+01
  0.79264E+00  0.46849E+01  0.12010E+01
  0.79175E+00  0.46783E+01  0.11982E+01
  0.79087E+00  0.46717E+01  0.11955E+01
  0.78998E+00  0.46651E+01  0.11927E+01
  0.78909E+00  0.46585E+01  0.11899E+01
  0.78820E+00  0.46519E+01  0.11872E+01
  0.78730E+00  0.46453E+01  0.11844E+01
  0.78641E+00  0.46387E+01  0.11817E+01
  0.78552E+00  0.46321E+01  0.11790E+01
  0.78463E+00  0.46255E+01  0.11762E+01
  0.78374E+00  0.46189E+01  0.11735E+01
  0.78285E+00  0.46123E+01  0.11707E+01
  0.78196E+00  0.46058E+01  0.11680E+01
  0.78108E+00  0.45992E+01  0.11653E+01
  0.78019E+00  0.45927E+01  0.11626E+01
  0.77930E+00  0.45861E+01  0.11598E+01
  0.77841E+00  0.45796E+01  0.11571E+01
  0.77752E+00  0.45730E+01  0.11544E+01
  0.77663E+00  0.45664E+01  0.11517E+01
  0.77574E+00  0.45598E+01  0.11490E+01
  0.77485E+00  0.45533E+01  0.11463E+01
  0.77396E+00  0.45467E+01  0.11436E+01
  0.77307E+00  0.45402E+01  0.11409E+01
  0.77218E+00  0.45337E+01  0.11382E+01
  0.77129E+00  0.45271E+01  0.11355E+01
  0.77040E+00  0.45206E+01  0.11328E+01
  0.76951E+00  0.45141E+01  0.11301E+01
  0.76862E+00  0.45076E+01  0.11274E+01
  0.76773E+00  0.45010E+01  0.11247E+01
  0.76684E+00  0.44945E+01  0.11221E+01
  0.76595E+00  0.44880E+01  0.11194E+01
  0.76507E+00  0.44815E+01  0.11167E+01
  0.76418E+00  0.44750E+01  0.11140E+01
  0.76329E+00  0.44685E+01  0.11114E+01
  0.76239E+00  0.44620E+01  0.11087E+01
  0.76150E+00  0.44555E+01  0.11060E+01
  0.76061E+00  0.44490E+01  0.11034E+01
  0.75972E+00  0.44425E+01  0.11007E+01
  0.75883E+00  0.44360E+01  0.10981E+01
  0.75794E+00  0.44295E+01  0.10954E+01
  0.75705E+00  0.44230E+01  0.10928E+01
  0.75616E+00  0.44165E+01  0.10902E+01
  0.75527E+00  0.44100E+01  0.10875E+01
  0.75438E+00  0.44036E+01  0.10849E+01
  0.75349E+00  0.43971E+01  0.10822E+01
  0.75260E+00  0.43906E+01  0.10796E+01
  0.75170E+00  0.43841E+01  0.10770E+01
  0.75081E+00  0.43776E+01  0.10744E+01
  0.74992E+00  0.43711E+01  0.10718E+01
  0.74903E+00  0.43647E+01  0.10691E+01
  0.74814E+00  0.43582E+01  0.10665E+01
  0.74725E+00  0.43518E+01  0.10639E+01
  0.74636E+00  0.43453E+01  0.10613E+01
  0.74548E+00  0.43389E+01  0.10587E+01
  0.74459E+00  0.43325E+01  0.10561E+01
  0.74370E+00  0.43260E+01  0.10535E+01
  0.74281E+00  0.43196E+01  0.10509E+01
  0.74192E+00  0.43132E+01  0.10483E+01
  0.74103E+00  0.43068E+01  0.10457E+01
  0.74015E+00  0.43003E+01  0.10431E+01
  0.73926E+00  0.42939E+01  0.10406E+01
  0.73837E+00  0.42875E+01  0.10380E+01
  0.73748E+00  0.42811E+01  0.10354E+01
  0.73659E+00  0.42746E+01  0.10328E+01
  0.73570E+00  0.42682E+01  0.10303E+01
  0.73481E+00  0.42618E+01  0.10277E+01
  0.73392E+00  0.42554E+01  0.10251E+01
  0.73303E+00  0.42491E+01  0.10226E+01
  0.73214E+00  0.42427E+01  0.10200E+01
  0.73126E+00  0.42363E+01  0.10175E+01
  0.73037E+00  0.42299E+01  0.10149E+01
  0.72948E+00  0.42235E+01  0.10124E+01
  0.72859E+00  0.42171E+01  0.10098E+01
  0.72770E+00  0.42108E+01  0.10073E+01
  0.72681E+00  0.42044E+01  0.10047E+01
  0.72592E+00  0.41980E+01  0.10022E+01
  0.72503E+00  0.41916E+01  0.99968E+00
  0.72414E+00  0.41853E+01  0.99715E+00
  0.72326E+00  0.41789E+01  0.99462E+00
  0.72237E+00  0.41726E+01  0.99210E+00
  0.72149E+00  0.41663E+01  0.98958E+00
  0.72060E+00  0.41599E+01  0.98706E+00
  0.71972E+00  0.41536E+01  0.98455E+00
  0.71883E+00  0.41473E+01  0.98204E+00
  0.71795E+00  0.41410E+01  0.97953E+00
  0.71706E+00  0.41347E+01  0.97703E+00
  0.71618E+00  0.41284E+01  0.97453E+00
  0.71530E+00  0.41221E+01  0.97203E+00
  0.71441E+00  0.41158E+01  0.96953E+00
  0.71353E+00  0.41095E+01  0.96704E+00
  0.71265E+00  0.41032E+01  0.96455E+00
  0.71176E+00  0.40969E+01  0.96207E+00
  0.71088E+00  0.40906E+01  0.95959E+00
  0.70999E+00  0.40843E+01  0.95711E+00
  0.70911E+00  0.40781E+01  0.95463E+00
  0.70823E+00  0.40718E+01  0.95216E+00
  0.70734E+00  0.40655E+01  0.94969E+00
  0.70646E+00  0.40593E+01  0.94722E+00
  0.70558E+00  0.40530E+01  0.94476E+00
  0.70470E+00  0.40468E+01  0.94230E+00
  0.70382E+00  0.40406E+01  0.93984E+00
  0.70294E+00  0.40344E+01  0.93739E+00
  0.70207E+00  0.40282E+01  0.93494E+00
  0.70119E+00  0.40220E+01  0.93249E+00
  0.70031E+00  0.40158E+01  0.93004E+00
  0.69943E+00  0.40096E+01  0.92760E+00
  0.69856E+00  0.40034E+01  0.92516E+00
  0.69768E+00  0.39972E+01  0.92273E+00
  0.69681E+00  0.39910E+01  0.92030E+00
  0.69593E+00  0.39849E+01  0.91787E+00
  0.69506E+00  0.39787E+01  0.91544E+00
  0.69419E+00  0.39726E+01  0.91302E+00
  0.69332E+00  0.39664E+01  0.91060E+00
  0.69244E+00  0.39603E+01  0.90818E+00
  0.69157E+00  0.39541E+01  0.90577E+00
  0.69070E+00  0.39480E+01  0.90336E+00
  0.68984E+00  0.39419E+01  0.90095E+00
  0.68897E+00  0.39359E+01  0.89855E+00
  0.68811E+00  0.39298E+01  0.89615E+00
  0.68725E+00  0.39238E+01  0.89375E+00
  0.68639E+00  0.39177E+01  0.89136E+00
  0.68553E+00  0.39117E+01  0.88896E+00
  0.68466E+00  0.39057E+01  0.88658E+00
  0.68380E+00  0.38996E+01  0.88419E+00
  0.68294E+00  0.38936E+01  0.88181E+00
  0.68209E+00  0.38876E+01  0.87944E+00
  0.68124E+00  0.38817E+01  0.87706E+00
  0.68040E+00  0.38758E+01  0.87470E+00
  0.67956E+00  0.38699E+01  0.87235E+00
  0.67873E+00  0.38641E+01  0.86998E+00
  0.67790E+00  0.38583E+01  0.86761E+00
  0.67706E+00  0.38525E+01  0.86524E+00
  0.67623E+00  0.38467E+01  0.86288E+00
  0.67539E+00  0.38409E+01  0.86052E+00
  0.67456E+00  0.38350E+01  0.85816E+00
  0.67372E+00  0.38292E+01  0.85581E+00
  0.67288E+00  0.38234E+01  0.85346E+00
  0.67205E+00  0.38176E+01  0.85111E+00
  0.67122E+00  0.38118E+01  0.84876E+00
  0.67038E+00  0.38060E+01  0.84642E+00
  0.66955E+00  0.38003E+01  0.84408E+00
  0.66872E+00  0.37945E+01  0.84174E+00
  0.66788E+00  0.37887E+01  0.83941E+00
  0.66704E+00  0.37829E+01  0.83708E+00
  0.66621E+00  0.37771E+01  0.83475E+00
  0.66537E+00  0.37713E+01  0.83243E+00
  0.66453E+00  0.37655E+01  0.83010E+00
  0.66369E+00  0.37597E+01  0.82779E+00
  0.66285E+00  0.37539E+01  0.82547E+00
  0.66201E+00  0.37481E+01  0.82316E+00
  0.66117E+00  0.37423E+01  0.82085E+00
  0.66034E+00  0.37365E+01  0.81854E+00
  0.65950E+00  0.37307E+01  0.81623E+00
  0.65866E+00  0.37250E+01  0.81393E+00
  0.65782E+00  0.37192E+01  0.81163E+00
  0.65698E+00  0.37133E+01  0.80934E+00
  0.65613E+00  0.37075E+01  0.80704E+00
  0.65529E+00  0.37018E+01  0.80475E+00
  0.65445E+00  0.36960E+01  0.80247E+00
  0.65361E+00  0.36902E+01  0.80018E+00
  0.65277E+00  0.36844E+01  0.79790E+00
  0.65192E+00  0.36786E+01  0.79562E+00
  0.65108E+00  0.36728E+01  0.79335E+00
  0.65023E+00  0.36670E+01  0.79108E+00
  0.64938E+00  0.36612E+01  0.78881E+00
  0.64853E+00  0.36554E+01  0.78654E+00
  0.64769E+00  0.36496E+01  0.78428E+00
  0.64685E+00  0.36438E+01  0.78202E+00
  0.64601E+00  0.36381E+01  0.77976E+00
  0.64516E+00  0.36323E+01  0.77751E+00
  0.64431E+00  0.36265E+01  0.77525E+00
  0.64347E+00  0.36207E+01  0.77301E+00
  0.64262E+00  0.36149E+01  0.77076E+00
  0.64177E+00  0.36091E+01  0.76852E+00
  0.64092E+00  0.36033E+01  0.76628E+00
  0.64006E+00  0.35975E+01  0.76404E+00
  0.63921E+00  0.35917E+01  0.76181E+00
  0.63836E+00  0.35859E+01  0.75958E+00
  0.63751E+00  0.35801E+01  0.75735E+00
  0.63666E+00  0.35743E+01  0.75512E+00
  0.63581E+00  0.35686E+01  0.75290E+00
  0.63497E+00  0.35628E+01  0.75068E+00
  0.63412E+00  0.35570E+01  0.74847E+00
  0.63327E+00  0.35513E+01  0.74625E+00
  0.63241E+00  0.35455E+01  0.74404E+00
  0.63156E+00  0.35397E+01  0.74184E+00
  0.63071E+00  0.35339E+01  0.73963E+00
  0.62986E+00  0.35282E+01  0.73743E+00
  0.62901E+00  0.35224E+01  0.73523E+00
  0.62815E+00  0.35166E+01  0.73304E+00
  0.62729E+00  0.35108E+01  0.73085E+00
  0.62643E+00  0.35050E+01  0.72866E+00
  0.62557E+00  0.34991E+01  0.72647E+00
  0.62471E+00  0.34933E+01  0.72429E+00
  0.62385E+00  0.34875E+01  0.72211E+00
  0.62300E+00  0.34818E+01  0.71993E+00
  0.62214E+00  0.34760E+01  0.71776E+00
  0.62129E+00  0.34703E+01  0.71559E+00
  0.62043E+00  0.34645E+01  0.71342E+00
  0.61957E+00  0.34587E+01  0.71125E+00
  0.61872E+00  0.34529E+01  0.70909E+00
  0.61786E+00  0.34472E+01  0.70693E+00
  0.61700E+00  0.34414E+01  0.70478E+00
  0.61612E+00  0.34355E+01  0.70262E+00
  0.61526E+00  0.34297E+01  0.70047E+00
  0.61440E+00  0.34239E+01  0.69833E+00
  0.61353E+00  0.34181E+01  0.69618E+00
  0.61267E+00  0.34123E+01  0.69404E+00
  0.61181E+00  0.34066E+01  0.69190E+00
  0.61095E+00  0.34008E+01  0.68977E+00
  0.61009E+00  0.33950E+01  0.68764E+00
  0.60922E+00  0.33892E+01  0.68551E+00
  0.60835E+00  0.33834E+01  0.68338E+00
  0.60749E+00  0.33777E+01  0.68126E+00
  0.60663E+00  0.33719E+01  0.67914E+00
  0.60576E+00  0.33661E+01  0.67702E+00
  0.60490E+00  0.33604E+01  0.67491E+00
  0.60403E+00  0.33546E+01  0.67280E+00
  0.60316E+00  0.33487E+01  0.67069E+00
  0.60229E+00  0.33429E+01  0.66858E+00
  0.60142E+00  0.33372E+01  0.66648E+00
  0.60055E+00  0.33314E+01  0.66438E+00
  0.59968E+00  0.33256E+01  0.66229E+00
  0.59882E+00  0.33198E+01  0.66020E+00
  0.59795E+00  0.33141E+01  0.65811E+00
  0.59708E+00  0.33083E+01  0.65602E+00
  0.59620E+00  0.33025E+01  0.65394E+00
  0.59533E+00  0.32967E+01  0.65186E+00
  0.59446E+00  0.32909E+01  0.64978E+00
  0.59357E+00  0.32851E+01  0.64770E+00
  0.59270E+00  0.32793E+01  0.64563E+00
  0.59182E+00  0.32735E+01  0.64356E+00
  0.59095E+00  0.32677E+01  0.64150E+00
  0.59008E+00  0.32620E+01  0.63944E+00
  0.58921E+00  0.32562E+01  0.63738E+00
  0.58834E+00  0.32504E+01  0.63532E+00
  0.58746E+00  0.32446E+01  0.63327E+00
  0.58658E+00  0.32388E+01  0.63122E+00
  0.58570E+00  0.32330E+01  0.62917E+00
  0.58482E+00  0.32272E+01  0.62713E+00
  0.58395E+00  0.32215E+01  0.62509E+00
  0.58307E+00  0.32157E+01  0.62305E+00
  0.58219E+00  0.32099E+01  0.62102E+00
  0.58130E+00  0.32040E+01  0.61898E+00
  0.58042E+00  0.31982E+01  0.61696E+00
  0.57954E+00  0.31924E+01  0.61493E+00
  0.57865E+00  0.31866E+01  0.61291E+00
  0.57778E+00  0.31809E+01  0.61089E+00
  0.57690E+00  0.31751E+01  0.60887E+00
  0.57602E+00  0.31694E+01  0.60686E+00
  0.57514E+00  0.31636E+01  0.60485E+00
  0.57426E+00  0.31578E+01  0.60284E+00
  0.57337E+00  0.31520E+01  0.60084E+00
  0.57248E+00  0.31462E+01  0.59884E+00
  0.57159E+00  0.31403E+01  0.59684E+00
  0.57070E+00  0.31345E+01  0.59485E+00
  0.56982E+00  0.31288E+01  0.59286E+00
  0.56894E+00  0.31230E+01  0.59087E+00
  0.56806E+00  0.31173E+01  0.58888E+00
  0.56717E+00  0.31115E+01  0.58690E+00
  0.56628E+00  0.31057E+01  0.58492E+00
  0.56538E+00  0.30998E+01  0.58295E+00
  0.56449E+00  0.30940E+01  0.58098E+00
  0.56360E+00  0.30882E+01  0.57901E+00
  0.56271E+00  0.30825E+01  0.57704E+00
  0.56182E+00  0.30767E+01  0.57508E+00
  0.56092E+00  0.30708E+01  0.57312E+00
  0.56003E+00  0.30650E+01  0.57116E+00
  0.55914E+00  0.30592E+01  0.56920E+00
  0.55824E+00  0.30534E+01  0.56725E+00
  0.55735E+00  0.30477E+01  0.56531E+00
  0.55647E+00  0.30419E+01  0.56336E+00
  0.55558E+00  0.30361E+01  0.56142E+00
  0.55468E+00  0.30303E+01  0.55948E+00
  0.55379E+00  0.30245E+01  0.55755E+00
  0.55288E+00  0.30187E+01  0.55562E+00
  0.55198E+00  0.30129E+01  0.55369E+00
  0.55107E+00  0.30070E+01  0.55176E+00
  0.55017E+00  0.30012E+01  0.54984E+00
  0.54928E+00  0.29954E+01  0.54792E+00
  0.54839E+00  0.29897E+01  0.54600E+00
  0.54749E+00  0.29839E+01  0.54409E+00
  0.54659E+00  0.29781E+01  0.54218E+00
  0.54569E+00  0.29723E+01  0.54027E+00
  0.54478E+00  0.29664E+01  0.53837E+00
  0.54388E+00  0.29607E+01  0.53647E+00
  0.54298E+00  0.29549E+01  0.53457E+00
  0.54208E+00  0.29491E+01  0.53268E+00
  0.54117E+00  0.29432E+01  0.53079E+00
  0.54027E+00  0.29375E+01  0.52890E+00
  0.53937E+00  0.29317E+01  0.52701E+00
  0.53846E+00  0.29258E+01  0.52513E+00
  0.53756E+00  0.29201E+01  0.52325E+00
  0.53666E+00  0.29143E+01  0.52138E+00
  0.53575E+00  0.29085E+01  0.51951E+00
  0.53485E+00  0.29027E+01  0.51764E+00
  0.53394E+00  0.28969E+01  0.51577E+00
  0.53302E+00  0.28910E+01  0.51391E+00
  0.53209E+00  0.28851E+01  0.51205E+00
  0.53119E+00  0.28793E+01  0.51019E+00
  0.53028E+00  0.28736E+01  0.50834E+00
  0.52938E+00  0.28678E+01  0.50649E+00
  0.52847E+00  0.28620E+01  0.50464E+00
  0.52756E+00  0.28562E+01  0.50280E+00
  0.52665E+00  0.28504E+01  0.50096E+00
  0.52573E+00  0.28445E+01  0.49912E+00
  0.52481E+00  0.28387E+01  0.49729E+00
  0.52390E+00  0.28329E+01  0.49546E+00
  0.52298E+00  0.28271E+01  0.49363E+00
  0.52207E+00  0.28213E+01  0.49181E+00
  0.52116E+00  0.28155E+01  0.48999E+00
  0.52025E+00  0.28097E+01  0.48817E+00
  0.51932E+00  0.28039E+01  0.48635E+00
  0.51841E+00  0.27981E+01  0.48454E+00
  0.51749E+00  0.27923E+01  0.48273E+00
  0.51657E+00  0.27865E+01  0.48093E+00
  0.51565E+00  0.27807E+01  0.47913E+00
  0.51472E+00  0.27748E+01  0.47733E+00
  0.51380E+00  0.27689E+01  0.47553E+00
  0.51287E+00  0.27631E+01  0.47374E+00
  0.51196E+00  0.27573E+01  0.47195E+00
  0.51105E+00  0.27516E+01  0.47017E+00
  0.51013E+00  0.27458E+01  0.46838E+00
  0.50921E+00  0.27400E+01  0.46660E+00
  0.50828E+00  0.27341E+01  0.46483E+00
  0.50735E+00  0.27283E+01  0.46306E+00
  0.50642E+00  0.27224E+01  0.46129E+00
  0.50549E+00  0.27166E+01  0.45952E+00
  0.50457E+00  0.27108E+01  0.45776E+00
  0.50365E+00  0.27051E+01  0.45600E+00
  0.50273E+00  0.26993E+01  0.45424E+00
  0.50180E+00  0.26934E+01  0.45249E+00
  0.50087E+00  0.26876E+01  0.45074E+00
  0.49995E+00  0.26818E+01  0.44899E+00
  0.49902E+00  0.26760E+01  0.44725E+00
  0.49809E+00  0.26702E+01  0.44551E+00
  0.49715E+00  0.26643E+01  0.44377E+00
  0.49622E+00  0.26585E+01  0.44204E+00
  0.49528E+00  0.26526E+01  0.44031E+00
  0.49436E+00  0.26469E+01  0.43858E+00
  0.49343E+00  0.26411E+01  0.43685E+00
  0.49250E+00  0.26353E+01  0.43513E+00
  0.49157E+00  0.26295E+01  0.43342E+00
  0.49063E+00  0.26236E+01  0.43170E+00
  0.48967E+00  0.26177E+01  0.42999E+00
  0.48874E+00  0.26119E+01  0.42828E+00
  0.48782E+00  0.26061E+01  0.42658E+00
  0.48689E+00  0.26003E+01  0.42488E+00
  0.48596E+00  0.25946E+01  0.42318E+00
  0.48502E+00  0.25887E+01  0.42149E+00
  0.48407E+00  0.25829E+01  0.41979E+00
  0.48314E+00  0.25771E+01  0.41811E+00
  0.48220E+00  0.25712E+01  0.41642E+00
  0.48126E+00  0.25654E+01  0.41474E+00
  0.48032E+00  0.25596E+01  0.41306E+00
  0.47938E+00  0.25538E+01  0.41139E+00
  0.47843E+00  0.25479E+01  0.40972E+00
  0.47750E+00  0.25422E+01  0.40805E+00
  0.47656E+00  0.25364E+01  0.40638E+00
  0.47562E+00  0.25306E+01  0.40472E+00
  0.47468E+00  0.25247E+01  0.40306E+00
  0.47372E+00  0.25188E+01  0.40141E+00
  0.47277E+00  0.25130E+01  0.39976E+00
  0.47184E+00  0.25072E+01  0.39811E+00
  0.47090E+00  0.25015E+01  0.39646E+00
  0.46996E+00  0.24957E+01  0.39482E+00
  0.46902E+00  0.24899E+01  0.39318E+00
  0.46806E+00  0.24840E+01  0.39155E+00
  0.46712E+00  0.24782E+01  0.38992E+00
  0.46617E+00  0.24724E+01  0.38829E+00
  0.46523E+00  0.24666E+01  0.38666E+00
  0.46429E+00  0.24608E+01  0.38504E+00
  0.46334E+00  0.24550E+01  0.38342E+00
  0.46239E+00  0.24492E+01  0.38181E+00
  0.46145E+00  0.24434E+01  0.38020E+00
  0.46050E+00  0.24377E+01  0.37859E+00
  0.45955E+00  0.24318E+01  0.37698E+00
  0.45860E+00  0.24260E+01  0.37538E+00
  0.45764E+00  0.24202E+01  0.37378E+00
  0.45670E+00  0.24144E+01  0.37219E+00
  0.45576E+00  0.24087E+01  0.37059E+00
  0.45482E+00  0.24029E+01  0.36901E+00
  0.45387E+00  0.23971E+01  0.36742E+00
  0.45290E+00  0.23913E+01  0.36584E+00
  0.45194E+00  0.23854E+01  0.36426E+00
  0.45100E+00  0.23797E+01  0.36269E+00
  0.45006E+00  0.23740E+01  0.36111E+00
  0.44911E+00  0.23682E+01  0.35955E+00
  0.44816E+00  0.23624E+01  0.35798E+00
  0.44720E+00  0.23566E+01  0.35642E+00
  0.44625E+00  0.23508E+01  0.35486E+00
  0.44529E+00  0.23450E+01  0.35330E+00
  0.44435E+00  0.23393E+01  0.35175E+00
  0.44340E+00  0.23336E+01  0.35021E+00
  0.44244E+00  0.23278E+01  0.34866E+00
  0.44150E+00  0.23221E+01  0.34712E+00
  0.44055E+00  0.23164E+01  0.34558E+00
  0.43960E+00  0.23106E+01  0.34405E+00
  0.43863E+00  0.23047E+01  0.34251E+00
  0.43768E+00  0.22990E+01  0.34099E+00
  0.43674E+00  0.22934E+01  0.33946E+00
  0.43580E+00  0.22877E+01  0.33794E+00
  0.43486E+00  0.22820E+01  0.33642E+00
  0.43390E+00  0.22762E+01  0.33491E+00
  0.43293E+00  0.22704E+01  0.33340E+00
  0.43199E+00  0.22647E+01  0.33189E+00
  0.43105E+00  0.22591E+01  0.33038E+00
  0.43011E+00  0.22534E+01  0.32888E+00
  0.42915E+00  0.22477E+01  0.32738E+00
  0.42821E+00  0.22420E+01  0.32589E+00
  0.42726E+00  0.22364E+01  0.32440E+00
  0.42631E+00  0.22306E+01  0.32291E+00
  0.42537E+00  0.22250E+01  0.32143E+00
  0.42442E+00  0.22193E+01  0.31995E+00
  0.42349E+00  0.22138E+01  0.31847E+00
  0.42256E+00  0.22082E+01  0.31700E+00
  0.42161E+00  0.22025E+01  0.31552E+00
  0.42065E+00  0.21967E+01  0.31406E+00
  0.41972E+00  0.21912E+01  0.31259E+00
  0.41880E+00  0.21857E+01  0.31113E+00
  0.41787E+00  0.21802E+01  0.30968E+00
  0.41694E+00  0.21746E+01  0.30822E+00
  0.41600E+00  0.21690E+01  0.30677E+00
  0.41506E+00  0.21634E+01  0.30533E+00
  0.41415E+00  0.21580E+01  0.30388E+00
  0.41324E+00  0.21526E+01  0.30245E+00
  0.41231E+00  0.21471E+01  0.30101E+00
  0.41140E+00  0.21417E+01  0.29958E+00
  0.41049E+00  0.21363E+01  0.29815E+00
  0.40958E+00  0.21308E+01  0.29673E+00
  0.40867E+00  0.21255E+01  0.29531E+00
  0.40780E+00  0.21203E+01  0.29391E+00
  0.40695E+00  0.21152E+01  0.29250E+00
  0.40608E+00  0.21101E+01  0.29108E+00
  0.40518E+00  0.21048E+01  0.28967E+00
  0.40434E+00  0.20998E+01  0.28825E+00
  0.40349E+00  0.20948E+01  0.28684E+00
  0.40263E+00  0.20897E+01  0.28543E+00
  0.40175E+00  0.20845E+01  0.28403E+00
  0.40087E+00  0.20794E+01  0.28263E+00
  0.40001E+00  0.20743E+01  0.28123E+00
  0.39915E+00  0.20692E+01  0.27983E+00
  0.39827E+00  0.20640E+01  0.27844E+00
  0.39741E+00  0.20590E+01  0.27705E+00
  0.39653E+00  0.20538E+01  0.27566E+00
  0.39564E+00  0.20486E+01  0.27428E+00
  0.39476E+00  0.20434E+01  0.27290E+00
  0.39390E+00  0.20384E+01  0.27152E+00
  0.39302E+00  0.20333E+01  0.27014E+00
  0.39212E+00  0.20280E+01  0.26877E+00
  0.39123E+00  0.20227E+01  0.26740E+00
  0.39036E+00  0.20177E+01  0.26604E+00
  0.38949E+00  0.20126E+01  0.26468E+00
  0.38858E+00  0.20072E+01  0.26332E+00
  0.38769E+00  0.20021E+01  0.26196E+00
  0.38680E+00  0.19969E+01  0.26061E+00
  0.38592E+00  0.19917E+01  0.25926E+00
  0.38502E+00  0.19865E+01  0.25791E+00
  0.38414E+00  0.19813E+01  0.25657E+00
  0.38323E+00  0.19761E+01  0.25523E+00
  0.38232E+00  0.19708E+01  0.25389E+00
  0.38143E+00  0.19656E+01  0.25256E+00
  0.38055E+00  0.19604E+01  0.25122E+00
  0.37964E+00  0.19552E+01  0.24990E+00
  0.37870E+00  0.19498E+01  0.24857E+00
  0.37782E+00  0.19446E+01  0.24725E+00
  0.37693E+00  0.19394E+01  0.24593E+00
  0.37601E+00  0.19341E+01  0.24462E+00
  0.37510E+00  0.19289E+01  0.24330E+00
  0.37418E+00  0.19235E+01  0.24200E+00
  0.37328E+00  0.19183E+01  0.24069E+00
  0.37236E+00  0.19130E+01  0.23939E+00
  0.37146E+00  0.19078E+01  0.23809E+00
  0.37054E+00  0.19025E+01  0.23679E+00
  0.36958E+00  0.18970E+01  0.23550E+00
  0.36869E+00  0.18918E+01  0.23421E+00
  0.36779E+00  0.18866E+01  0.23292E+00
  0.36686E+00  0.18813E+01  0.23164E+00
  0.36592E+00  0.18759E+01  0.23036E+00
  0.36500E+00  0.18706E+01  0.22908E+00
  0.36408E+00  0.18653E+01  0.22781E+00
  0.36315E+00  0.18599E+01  0.22654E+00
  0.36223E+00  0.18547E+01  0.22527E+00
  0.36127E+00  0.18492E+01  0.22400E+00
  0.36034E+00  0.18438E+01  0.22274E+00
  0.35943E+00  0.18386E+01  0.22149E+00
  0.35850E+00  0.18333E+01  0.22023E+00
  0.35753E+00  0.18277E+01  0.21898E+00
  0.35660E+00  0.18224E+01  0.21773E+00
  0.35568E+00  0.18171E+01  0.21649E+00
  0.35472E+00  0.18117E+01  0.21525E+00
  0.35379E+00  0.18064E+01  0.21401E+00
  0.35283E+00  0.18008E+01  0.21278E+00
  0.35187E+00  0.17954E+01  0.21154E+00
  0.35096E+00  0.17902E+01  0.21032E+00
  0.35002E+00  0.17848E+01  0.20909E+00
  0.34903E+00  0.17792E+01  0.20787E+00
  0.34809E+00  0.17739E+01  0.20665E+00
  0.34716E+00  0.17686E+01  0.20544E+00
  0.34619E+00  0.17631E+01  0.20422E+00
  0.34525E+00  0.17577E+01  0.20302E+00
  0.34427E+00  0.17522E+01  0.20181E+00
  0.34332E+00  0.17468E+01  0.20061E+00
  0.34238E+00  0.17415E+01  0.19941E+00
  0.34142E+00  0.17360E+01  0.19822E+00
  0.34044E+00  0.17304E+01  0.19703E+00
  0.33949E+00  0.17251E+01  0.19584E+00
  0.33852E+00  0.17196E+01  0.19465E+00
  0.33758E+00  0.17143E+01  0.19347E+00
  0.33661E+00  0.17088E+01  0.19229E+00
  0.33561E+00  0.17032E+01  0.19112E+00
  0.33468E+00  0.16979E+01  0.18995E+00
  0.33372E+00  0.16925E+01  0.18878E+00
  0.33274E+00  0.16870E+01  0.18761E+00
  0.33176E+00  0.16815E+01  0.18645E+00
  0.33078E+00  0.16760E+01  0.18530E+00
  0.32985E+00  0.16707E+01  0.18414E+00
  0.32888E+00  0.16652E+01  0.18299E+00
  0.32787E+00  0.16596E+01  0.18184E+00
  0.32693E+00  0.16543E+01  0.18070E+00
  0.32595E+00  0.16488E+01  0.17956E+00
  0.32500E+00  0.16435E+01  0.17842E+00
  0.32400E+00  0.16379E+01  0.17729E+00
  0.32304E+00  0.16325E+01  0.17615E+00
  0.32209E+00  0.16272E+01  0.17503E+00
  0.32112E+00  0.16218E+01  0.17390E+00
  0.32016E+00  0.16164E+01  0.17278E+00
  0.31915E+00  0.16108E+01  0.17166E+00
  0.31823E+00  0.16056E+01  0.17055E+00
  0.31724E+00  0.16001E+01  0.16944E+00
  0.31631E+00  0.15950E+01  0.16833E+00
  0.31530E+00  0.15893E+01  0.16723E+00
  0.31440E+00  0.15843E+01  0.16613E+00
  0.31342E+00  0.15789E+01  0.16503E+00
  0.31252E+00  0.15738E+01  0.16394E+00
  0.31153E+00  0.15684E+01  0.16285E+00
  0.31064E+00  0.15634E+01  0.16176E+00
  0.30970E+00  0.15582E+01  0.16068E+00
  0.30882E+00  0.15533E+01  0.15959E+00
  0.30791E+00  0.15482E+01  0.15852E+00
  0.30701E+00  0.15433E+01  0.15744E+00
  0.30620E+00  0.15388E+01  0.15637E+00
  0.30542E+00  0.15345E+01  0.15530E+00
  0.30470E+00  0.15305E+01  0.15424E+00
  0.30398E+00  0.15265E+01  0.15317E+00
  0.30325E+00  0.15225E+01  0.15211E+00
  0.30252E+00  0.15184E+01  0.15106E+00
  0.30178E+00  0.15143E+01  0.15000E+00
  0.30102E+00  0.15102E+01  0.14895E+00
  0.30030E+00  0.15062E+01  0.14790E+00
  0.29957E+00  0.15022E+01  0.14685E+00
  0.29883E+00  0.14981E+01  0.14580E+00
  0.29809E+00  0.14941E+01  0.14476E+00
  0.29733E+00  0.14899E+01  0.14372E+00
  0.29660E+00  0.14858E+01  0.14268E+00
  0.29585E+00  0.14818E+01  0.14165E+00
  0.29510E+00  0.14777E+01  0.14062E+00
  0.29436E+00  0.14736E+01  0.13959E+00
  0.29362E+00  0.14695E+01  0.13856E+00
  0.29286E+00  0.14654E+01  0.13754E+00
  0.29209E+00  0.14612E+01  0.13651E+00
  0.29134E+00  0.14571E+01  0.13549E+00
  0.29059E+00  0.14529E+01  0.13448E+00
  0.28982E+00  0.14488E+01  0.13346E+00
  0.28906E+00  0.14446E+01  0.13245E+00
  0.28828E+00  0.14404E+01  0.13144E+00
  0.28753E+00  0.14363E+01  0.13044E+00
  0.28677E+00  0.14321E+01  0.12944E+00
  0.28601E+00  0.14280E+01  0.12843E+00
  0.28524E+00  0.14238E+01  0.12744E+00
  0.28446E+00  0.14196E+01  0.12644E+00
  0.28367E+00  0.14153E+01  0.12545E+00
  0.28289E+00  0.14110E+01  0.12446E+00
  0.28212E+00  0.14069E+01  0.12347E+00
  0.28135E+00  0.14027E+01  0.12249E+00
  0.28057E+00  0.13984E+01  0.12151E+00
  0.27978E+00  0.13942E+01  0.12053E+00
  0.27898E+00  0.13898E+01  0.11955E+00
  0.27819E+00  0.13856E+01  0.11858E+00
  0.27740E+00  0.13813E+01  0.11761E+00
  0.27662E+00  0.13771E+01  0.11664E+00
  0.27583E+00  0.13729E+01  0.11567E+00
  0.27504E+00  0.13686E+01  0.11471E+00
  0.27422E+00  0.13642E+01  0.11375E+00
  0.27342E+00  0.13598E+01  0.11279E+00
  0.27262E+00  0.13555E+01  0.11184E+00
  0.27181E+00  0.13512E+01  0.11089E+00
  0.27100E+00  0.13469E+01  0.10994E+00
  0.27018E+00  0.13424E+01  0.10900E+00
  0.26938E+00  0.13381E+01  0.10805E+00
  0.26858E+00  0.13338E+01  0.10711E+00
  0.26776E+00  0.13295E+01  0.10618E+00
  0.26694E+00  0.13251E+01  0.10524E+00
  0.26611E+00  0.13206E+01  0.10431E+00
  0.26528E+00  0.13162E+01  0.10338E+00
  0.26445E+00  0.13117E+01  0.10246E+00
  0.26364E+00  0.13074E+01  0.10153E+00
  0.26281E+00  0.13030E+01  0.10061E+00
  0.26197E+00  0.12985E+01  0.99696E-01
  0.26111E+00  0.12939E+01  0.98781E-01
  0.26028E+00  0.12895E+01  0.97870E-01
  0.25945E+00  0.12851E+01  0.96962E-01
  0.25862E+00  0.12806E+01  0.96057E-01
  0.25778E+00  0.12762E+01  0.95154E-01
  0.25693E+00  0.12716E+01  0.94255E-01
  0.25605E+00  0.12670E+01  0.93358E-01
  0.25520E+00  0.12624E+01  0.92465E-01
  0.25435E+00  0.12579E+01  0.91574E-01
  0.25350E+00  0.12534E+01  0.90686E-01
  0.25263E+00  0.12488E+01  0.89802E-01
  0.25176E+00  0.12442E+01  0.88920E-01
  0.25090E+00  0.12397E+01  0.88042E-01
  0.25004E+00  0.12351E+01  0.87166E-01
  0.24916E+00  0.12305E+01  0.86293E-01
  0.24829E+00  0.12259E+01  0.85424E-01
  0.24740E+00  0.12212E+01  0.84557E-01
  0.24652E+00  0.12165E+01  0.83694E-01
  0.24564E+00  0.12119E+01  0.82834E-01
  0.24476E+00  0.12073E+01  0.81977E-01
  0.24386E+00  0.12025E+01  0.81122E-01
  0.24294E+00  0.11977E+01  0.80271E-01
  0.24207E+00  0.11931E+01  0.79423E-01
  0.24118E+00  0.11884E+01  0.78579E-01
  0.24029E+00  0.11838E+01  0.77737E-01
  0.23938E+00  0.11790E+01  0.76898E-01
  0.23846E+00  0.11741E+01  0.76063E-01
  0.23752E+00  0.11693E+01  0.75231E-01
  0.23662E+00  0.11646E+01  0.74402E-01
  0.23572E+00  0.11598E+01  0.73576E-01
  0.23479E+00  0.11550E+01  0.72753E-01
  0.23385E+00  0.11501E+01  0.71934E-01
  0.23294E+00  0.11453E+01  0.71118E-01
  0.23200E+00  0.11404E+01  0.70305E-01
  0.23107E+00  0.11356E+01  0.69495E-01
  0.23014E+00  0.11307E+01  0.68688E-01
  0.22917E+00  0.11256E+01  0.67885E-01
  0.22824E+00  0.11208E+01  0.67085E-01
  0.22730E+00  0.11159E+01  0.66288E-01
  0.22633E+00  0.11109E+01  0.65495E-01
  0.22535E+00  0.11058E+01  0.64705E-01
  0.22441E+00  0.11009E+01  0.63919E-01
  0.22346E+00  0.10960E+01  0.63135E-01
  0.22250E+00  0.10910E+01  0.62355E-01
  0.22153E+00  0.10860E+01  0.61579E-01
