     0.112221551498692E+01     0.848236551086506E+01     0.345808266985790E+01
     0.112116110487827E+01     0.847282324276205E+01     0.345365577140974E+01
     0.112010511614714E+01     0.846326572863325E+01     0.344922714298491E+01
     0.111904750121813E+01     0.845369249872659E+01     0.344479671649504E+01
     0.111798820954192E+01     0.844410305569093E+01     0.344036442134663E+01
     0.111692718733077E+01     0.843449687212053E+01     0.343593018425117E+01
     0.111586437725753E+01     0.842487338779684E+01     0.343149392898031E+01
     0.111479971812025E+01     0.841523200659625E+01     0.342705557610890E+01
     0.111373314446372E+01     0.840557209300626E+01     0.342261504272224E+01
     0.111266458615192E+01     0.839589296818962E+01     0.341817224208656E+01
     0.111159396788312E+01     0.838619390552209E+01     0.341372708327550E+01
     0.111052120863812E+01     0.837647412551564E+01     0.340927947074592E+01
     0.110944622105008E+01     0.836673279002113E+01     0.340482930385475E+01
     0.110836891068165E+01     0.835696899558047E+01     0.340037647630520E+01
     0.110728917519258E+01     0.834718176577193E+01     0.339592087551048E+01
     0.110620690337663E+01     0.833737004235588E+01     0.339146238185936E+01
     0.110512197404175E+01     0.832753267498214E+01     0.338700086786276E+01
     0.110403425470155E+01     0.831766840916462E+01     0.338253619715943E+01
     0.110294360003753E+01     0.830777587215193E+01     0.337806822334888E+01
     0.110184985008094E+01     0.829785355622645E+01     0.337359678861380E+01
     0.110075282804970E+01     0.828789979883722E+01     0.336912172208509E+01
     0.109965233775633E+01     0.827791275879916E+01     0.336464283788479E+01
     0.109854816047889E+01     0.826789038756576E+01     0.336015993276902E+01
     0.109744005115188E+01     0.825783039426715E+01     0.335567278326280E+01
     0.109632773368760E+01     0.824773020277716E+01     0.335118114214501E+01
     0.109521089517453E+01     0.823758689847563E+01     0.334668473410786E+01
     0.109408917859982E+01     0.822739716149890E+01     0.334218325030455E+01
     0.109296217361565E+01     0.821715718205343E+01     0.333767634145573E+01
     0.109182940466406E+01     0.820686255152089E+01     0.333316360900182E+01
     0.109069031547121E+01     0.819650812031338E+01     0.332864459355922E+01
     0.108954424846073E+01     0.818608780917724E+01     0.332411875963002E+01
     0.108839041688835E+01     0.817559435383402E+01     0.331958547494101E+01
     0.108722786628357E+01     0.816501895170384E+01     0.331504398190145E+01
     0.108605541971522E+01     0.815435076051466E+01     0.331049335716454E+01
     0.108487159772317E+01     0.814357616500255E+01     0.330593245256289E+01
     0.108367449693297E+01     0.813267766541001E+01     0.330135980574400E+01
     0.108246159786331E+01     0.812163211798951E+01     0.329677349890626E+01
     0.108122944380729E+01     0.811040779577223E+01     0.329217092320337E+01
     0.107997306614859E+01     0.809895912948571E+01     0.328754835785597E+01
     0.107885650668089E+01     0.808878142519431E+01     0.328301798621542E+01
     0.107789872189194E+01     0.808004927064091E+01     0.327859452111384E+01
     0.107694043989777E+01     0.807131111657149E+01     0.327416924586808E+01
     0.107598165669036E+01     0.806256690104813E+01     0.326974213056184E+01
     0.107502236819718E+01     0.805381656147846E+01     0.326531314513996E+01
     0.107406257027973E+01     0.804506003460298E+01     0.326088225940682E+01
     0.107310225873210E+01     0.803629725648196E+01     0.325644944302451E+01
     0.107214142927949E+01     0.802752816248195E+01     0.325201466551117E+01
     0.107118007757673E+01     0.801875268726196E+01     0.324757789623943E+01
     0.107021819920664E+01     0.800997076475893E+01     0.324313910443436E+01
     0.106925578967839E+01     0.800118232817262E+01     0.323869825917136E+01
     0.106829284442584E+01     0.799238730995034E+01     0.323425532937442E+01
     0.106732935880574E+01     0.798358564177069E+01     0.322981028381367E+01
     0.106636532809601E+01     0.797477725452715E+01     0.322536309110346E+01
     0.106540074749373E+01     0.796596207831054E+01     0.322091371969964E+01
     0.106443561211334E+01     0.795714004239158E+01     0.321646213789762E+01
     0.106346991698450E+01     0.794831107520189E+01     0.321200831382914E+01
     0.106250365705014E+01     0.793947510431521E+01     0.320755221546019E+01
     0.106153682716421E+01     0.793063205642735E+01     0.320309381058799E+01
     0.106056942208896E+01     0.792178185733321E+01     0.319863306683435E+01
     0.105960143649489E+01     0.791292443191493E+01     0.319416995165784E+01
     0.105863286495482E+01     0.790405970410501E+01     0.318970443232697E+01
     0.105766370194383E+01     0.789518759687325E+01     0.318523647593318E+01
     0.105669394183612E+01     0.788630803220037E+01     0.318076604938309E+01
     0.105572357890227E+01     0.787742093105299E+01     0.317629311939477E+01
     0.105475260730656E+01     0.786852621335808E+01     0.317181765249420E+01
     0.105378102110379E+01     0.785962379797525E+01     0.316733961500878E+01
     0.105280881423716E+01     0.785071360267104E+01     0.316285897307073E+01
     0.105183598053418E+01     0.784179554408784E+01     0.315837569260319E+01
     0.105086251370394E+01     0.783286953771454E+01     0.315388973932082E+01
     0.104988840733377E+01     0.782393549785533E+01     0.314940107872414E+01
     0.104891365488570E+01     0.781499333759701E+01     0.314490967609431E+01
     0.104793824969291E+01     0.780604296877524E+01     0.314041549648805E+01
     0.104696218495597E+01     0.779708430193908E+01     0.313591850473189E+01
     0.104598545373896E+01     0.778811724631453E+01     0.313141866541670E+01
     0.104500804896541E+01     0.777914170976602E+01     0.312691594289132E+01
     0.104402996341411E+01     0.777015759875676E+01     0.312241030125644E+01
     0.104305118971473E+01     0.776116481830723E+01     0.311790170435805E+01
     0.104207172034319E+01     0.775216327195172E+01     0.311339011578020E+01
     0.104109154761700E+01     0.774315286169334E+01     0.310887549883791E+01
     0.104007785669421E+01     0.773383174722576E+01     0.310432810044559E+01
     0.103903849217844E+01     0.772427164730337E+01     0.309975459755450E+01
     0.103800094641439E+01     0.771472529926258E+01     0.309517977560310E+01
     0.103696478160234E+01     0.770518867132349E+01     0.309060323542214E+01
     0.103592965532371E+01     0.769565860390067E+01     0.308602465727207E+01
     0.103489529262684E+01     0.768613255409479E+01     0.308144377735048E+01
     0.103386146774275E+01     0.767660842835687E+01     0.307686037242626E+01
     0.103282799165477E+01     0.766708446874674E+01     0.307227424940185E+01
     0.103179470337882E+01     0.765755917316413E+01     0.306768523798858E+01
     0.103076146368441E+01     0.764803123790186E+01     0.306309318544670E+01
     0.102972815046446E+01     0.763849951529561E+01     0.305849795269778E+01
     0.102869465525029E+01     0.762896298185814E+01     0.305389941138852E+01
     0.102766088054582E+01     0.761942071387850E+01     0.304929744166532E+01
     0.102662673774559E+01     0.760987186839819E+01     0.304469193039860E+01
     0.102559214549339E+01     0.760031566818253E+01     0.304008276980500E+01
     0.102455702836384E+01     0.759075138965993E+01     0.303546985632096E+01
     0.102352131579142E+01     0.758117835311977E+01     0.303085308968326E+01
     0.102248494118946E+01     0.757159591464267E+01     0.302623237216624E+01
     0.102144784121578E+01     0.756200345937170E+01     0.302160760793744E+01
     0.102040995515347E+01     0.755240039583221E+01     0.301697870250660E+01
     0.101937122438199E+01     0.754278615107585E+01     0.301234556224639E+01
     0.101833159191985E+01     0.753316016647597E+01     0.300770809396876E+01
     0.101729100202420E+01     0.752352189403928E+01     0.300306620454617E+01
     0.101624939983419E+01     0.751387079312209E+01     0.299841980055752E+01
     0.101520673105386E+01     0.750420632748168E+01     0.299376878798475E+01
     0.101416294165556E+01     0.749452796255489E+01     0.298911307187979E+01
     0.101311797761355E+01     0.748483516295900E+01     0.298445255609926E+01
     0.101207178464807E+01     0.747512739011793E+01     0.297978714300940E+01
     0.101102430798303E+01     0.746540409999737E+01     0.297511673320635E+01
     0.100997549211131E+01     0.745566474090534E+01     0.297044122523471E+01
     0.100892528056418E+01     0.744590875132578E+01     0.296576051530159E+01
     0.100787361568166E+01     0.743613555775438E+01     0.296107449698183E+01
     0.100667543669640E+01     0.742499595033125E+01     0.295622081083394E+01
     0.100552492014341E+01     0.741429442817084E+01     0.295141540909700E+01
     0.100439339568470E+01     0.740376483497729E+01     0.294662667517350E+01
     0.100327162223475E+01     0.739332138137724E+01     0.294184440114693E+01
     0.100215563219541E+01     0.738292723133307E+01     0.293706419239591E+01
     0.100104326089334E+01     0.737256227732358E+01     0.293228363489736E+01
     0.999933154375376E+00     0.736221393031907E+01     0.292750120169185E+01
     0.998824384311686E+00     0.735187354613579E+01     0.292271582920220E+01
     0.997716269402627E+00     0.734153476851369E+01     0.291792672103122E+01
     0.996608282008708E+00     0.733119266304606E+01     0.291313324546567E+01
     0.995499994870043E+00     0.732084322300402E+01     0.290833487702230E+01
     0.994391048549152E+00     0.731048306739581E+01     0.290353116066237E+01
     0.993281130397935E+00     0.730010924586467E+01     0.289872168861188E+01
     0.992169960295681E+00     0.728971910634426E+01     0.289390608454905E+01
     0.991057280543528E+00     0.727931020121674E+01     0.288908399228950E+01
     0.989942848395006E+00     0.726888021786883E+01     0.288425506729998E+01
     0.988826430294906E+00     0.725842692503994E+01     0.287941897001707E+01
     0.987707797234830E+00     0.724794812947126E+01     0.287457536031558E+01
     0.986586720831144E+00     0.723744163919267E+01     0.286972389268616E+01
     0.985462969849374E+00     0.722690523087974E+01     0.286486421180958E+01
     0.984336306968442E+00     0.721633661936424E+01     0.285999594827338E+01
     0.983206485625920E+00     0.720573342779512E+01     0.285511871425803E+01
     0.982073246801694E+00     0.719509315712609E+01     0.285023209899370E+01
     0.980936315610116E+00     0.718441315369810E+01     0.284533566381923E+01
     0.979795397566581E+00     0.717369057364623E+01     0.284042893665580E+01
     0.978650174380150E+00     0.716292234272105E+01     0.283551140567878E+01
     0.977500299098042E+00     0.715210510986508E+01     0.283058251192775E+01
     0.976345390388142E+00     0.714123519249846E+01     0.282564164053321E+01
     0.975185025685577E+00     0.713030851089800E+01     0.282068811013946E+01
     0.974018732843870E+00     0.711932050823424E+01     0.281572115996725E+01
     0.972845979809100E+00     0.710826605165389E+01     0.281073993377634E+01
     0.971666161654162E+00     0.709713930807351E+01     0.280574345969621E+01
     0.970478584051407E+00     0.708593358582664E+01     0.280073062452537E+01
     0.969282441844097E+00     0.707464112944314E+01     0.279570014035373E+01
     0.968076790795658E+00     0.706325284904365E+01     0.279065050063926E+01
     0.966860509585839E+00     0.705175795644241E+01     0.278557992110480E+01
     0.965632247570429E+00     0.704014346500122E+01     0.278048625858098E+01
     0.964390351138162E+00     0.702839348473121E+01     0.277536689669896E+01
     0.963132756820535E+00     0.701648819938914E+01     0.277021858014571E+01
     0.961856830691659E+00     0.700440232994102E+01     0.276503716590805E+01
     0.960559116809141E+00     0.699210272836779E+01     0.275981723405605E+01
     0.959234922448936E+00     0.697954441131898E+01     0.275455144678299E+01
     0.957877588331925E+00     0.696666358315835E+01     0.274922942194495E+01
     0.956477090284746E+00     0.695336427052462E+01     0.274383557729485E+01
     0.955017024870097E+00     0.693948951817935E+01     0.273834448907650E+01
     0.953466863489446E+00     0.692474739170408E+01     0.273270898056390E+01
     0.952116804886098E+00     0.691189868023590E+01     0.272736252606569E+01
     0.951190256945624E+00     0.690307650872709E+01     0.272264648221932E+01
     0.950263373727737E+00     0.689424825820534E+01     0.271792704629134E+01
     0.949336146316353E+00     0.688541384015929E+01     0.271320420002366E+01
     0.948408565810633E+00     0.687657316633261E+01     0.270847792522856E+01
     0.947480623310983E+00     0.686772614859259E+01     0.270374820376978E+01
     0.946552309905570E+00     0.685887269880327E+01     0.269901501754417E+01
     0.945623616657006E+00     0.685001272870091E+01     0.269427834846211E+01
     0.944694534589668E+00     0.684114614977373E+01     0.268953817842998E+01
     0.943765054676966E+00     0.683227287314241E+01     0.268479448933067E+01
     0.942835167828996E+00     0.682339280944306E+01     0.268004726300524E+01
     0.941904864880271E+00     0.681450586871091E+01     0.267529648123409E+01
     0.940974136577405E+00     0.680561196026389E+01     0.267054212571697E+01
     0.940042973567082E+00     0.679671099258745E+01     0.266578417805449E+01
     0.939111366383658E+00     0.678780287321717E+01     0.266102261972696E+01
     0.938179305436928E+00     0.677888750862152E+01     0.265625743207436E+01
     0.937246780999613E+00     0.676996480408236E+01     0.265148859627477E+01
     0.936313783194727E+00     0.676103466357375E+01     0.264671609332259E+01
     0.935380301982689E+00     0.675209698963813E+01     0.264193990400579E+01
     0.934446327148065E+00     0.674315168325908E+01     0.263716000888190E+01
     0.933511848286111E+00     0.673419864373120E+01     0.263237638825384E+01
     0.932576854788769E+00     0.672523776852524E+01     0.262758902214380E+01
     0.931641335830249E+00     0.671626895314880E+01     0.262279789026618E+01
     0.930705280352197E+00     0.670729209100224E+01     0.261800297199981E+01
     0.929768677048129E+00     0.669830707322819E+01     0.261320424635787E+01
     0.928831514347306E+00     0.668931378855481E+01     0.260840169195659E+01
     0.927893780397922E+00     0.668031212313229E+01     0.260359528698251E+01
     0.926955463049447E+00     0.667130196036103E+01     0.259878500915748E+01
     0.926016549834204E+00     0.666228318071191E+01     0.259397083570220E+01
     0.925077027947879E+00     0.665325566153632E+01     0.258915274329684E+01
     0.924136884229051E+00     0.664421927686650E+01     0.258433070803957E+01
     0.923196105137714E+00     0.663517389720492E+01     0.257950470540333E+01
     0.922254676732334E+00     0.662611938930049E+01     0.257467471018833E+01
     0.921312584645774E+00     0.661705561591246E+01     0.256984069647290E+01
     0.920369814059565E+00     0.660798243555864E+01     0.256500263755980E+01
     0.919426349676770E+00     0.659889970224895E+01     0.256016050592042E+01
     0.918482175692833E+00     0.658980726519998E+01     0.255531427313321E+01
     0.917537275764827E+00     0.658070496853243E+01     0.255046390982006E+01
     0.916591632978261E+00     0.657159265094579E+01     0.254560938557581E+01
     0.915645229811790E+00     0.656247014537145E+01     0.254075066889393E+01
     0.914698048099392E+00     0.655333727860072E+01     0.253588772708673E+01
     0.913750068989773E+00     0.654419387088552E+01     0.253102052619928E+01
     0.912801272902594E+00     0.653503973550838E+01     0.252614903091589E+01
     0.911851639481559E+00     0.652587467832035E+01     0.252127320446048E+01
     0.910901147543739E+00     0.651669849724229E+01     0.251639300848833E+01
     0.909949775024832E+00     0.650751098172603E+01     0.251150840296893E+01
     0.908997498919943E+00     0.649831191217129E+01     0.250661934605895E+01
     0.908044295219517E+00     0.648910105929442E+01     0.250172579396506E+01
     0.907090138839669E+00     0.647987818344231E+01     0.249682770079393E+01
     0.906135003546548E+00     0.647064303384703E+01     0.249192501838980E+01
     0.905178861873881E+00     0.646139534781342E+01     0.248701769615667E+01
     0.904221685033068E+00     0.645213484983294E+01     0.248210568086478E+01
     0.903263442814776E+00     0.644286125061414E+01     0.247718891643792E+01
     0.902304103481356E+00     0.643357424602172E+01     0.247226734372176E+01
     0.901343633648533E+00     0.642427351591073E+01     0.246734090022780E+01
     0.900381998155390E+00     0.641495872284496E+01     0.246240951985242E+01
     0.899419159921161E+00     0.640562951068463E+01     0.245747313256769E+01
     0.898455079786816E+00     0.639628550302519E+01     0.245253166407821E+01
     0.897489716339750E+00     0.638692630146894E+01     0.244758503544186E+01
     0.896523025719170E+00     0.637755148370656E+01     0.244263316264849E+01
     0.895554961399581E+00     0.636816060138221E+01     0.243767595615148E+01
     0.894585473949056E+00     0.635875317771091E+01     0.243271332034407E+01
     0.893614510758784E+00     0.634932870481243E+01     0.242774515297357E+01
     0.892642015739702E+00     0.633988664072025E+01     0.242277134448506E+01
     0.891667928979546E+00     0.633042640600675E+01     0.241779177727249E+01
     0.890692186360591E+00     0.632094737999880E+01     0.241280632486843E+01
     0.889714719117259E+00     0.631144889644033E+01     0.240781485096179E+01
     0.888735453341967E+00     0.630193023860695E+01     0.240281720834383E+01
     0.887754309415963E+00     0.629239063370200E+01     0.239781323767042E+01
     0.886771201358032E+00     0.628282924643856E+01     0.239280276605183E+01
     0.885786036074438E+00     0.627324517164951E+01     0.238778560542849E+01
     0.884798712493675E+00     0.626363742575253E+01     0.238276155070915E+01
     0.883809120552149E+00     0.625400493678311E+01     0.237773037754789E+01
     0.882817140021291E+00     0.624434653281586E+01     0.237269183983363E+01
     0.881822639119797E+00     0.623466092830725E+01     0.236764566667530E+01
     0.880825472876130E+00     0.622494670796760E+01     0.236259155886126E+01
     0.879825481178931E+00     0.621520230756478E+01     0.235752918464120E+01
     0.878822486442954E+00     0.620542599093316E+01     0.235245817468990E+01
     0.877816290784952E+00     0.619561582218165E+01     0.234737811599034E+01
     0.876806672589212E+00     0.618576963187771E+01     0.234228854442019E+01
     0.875793382284749E+00     0.617588497548282E+01     0.233718893562988E+01
     0.874776137102233E+00     0.616595908175796E+01     0.233207869371343E+01
     0.873754614500862E+00     0.615598878805768E+01     0.232695713704396E+01
     0.872728443802660E+00     0.614597045805533E+01     0.232182348017799E+01
     0.871697195439676E+00     0.613589987591704E+01     0.231667681070175E+01
     0.870660366878323E+00     0.612577210786305E+01     0.231151605885293E+01
     0.869617363905358E+00     0.611558131809596E+01     0.230633995718782E+01
     0.868567475241476E+00     0.610532051914388E+01     0.230114698587484E+01
     0.867509837325746E+00     0.609498122558429E+01     0.229593529683915E+01
     0.866443384172650E+00     0.608455296105536E+01     0.229070260579202E+01
     0.865366773751836E+00     0.607402253454132E+01     0.228544603377594E+01
     0.864278275862125E+00     0.606337293829372E+01     0.228016186592140E+01
     0.863175593585500E+00     0.605258159315434E+01     0.227484516746728E+01
     0.862055562763959E+00     0.604161739557206E+01     0.226948913772011E+01
     0.860913608925402E+00     0.603043538204309E+01     0.226408394312196E+01
     0.859742668303064E+00     0.601896613003480E+01     0.225861439977775E+01
     0.858530736924545E+00     0.600709168578351E+01     0.225305471177136E+01
     0.857254019488820E+00     0.599457828525594E+01     0.224735377003371E+01
     0.855848748049866E+00     0.598079965836822E+01     0.224137471315423E+01
     0.854390917191602E+00     0.596649930716362E+01     0.223527796981228E+01
     0.853507329875381E+00     0.595782965529289E+01     0.223040577753787E+01
     0.852623569863911E+00     0.594915728474006E+01     0.222553219089739E+01
     0.851739635177117E+00     0.594048220106333E+01     0.222065723003960E+01
     0.850855523766909E+00     0.593180440939604E+01     0.221578091517856E+01
     0.849971233514017E+00     0.592312391440700E+01     0.221090326659490E+01
     0.849086762222714E+00     0.591444072024684E+01     0.220602430462470E+01
     0.848202107613636E+00     0.590575483048128E+01     0.220114404963787E+01
     0.847317267317647E+00     0.589706624802769E+01     0.219626252202634E+01
     0.846432238870734E+00     0.588837497509511E+01     0.219137974220236E+01
     0.845547019699781E+00     0.587968101306791E+01     0.218649573053791E+01
     0.844661607119861E+00     0.587098436245297E+01     0.218161050738686E+01
     0.843775998319997E+00     0.586228502275571E+01     0.217672409303269E+01
     0.842890190355425E+00     0.585358299238949E+01     0.217183650768574E+01
     0.842004180129378E+00     0.584487826851855E+01     0.216694777141459E+01
     0.841117964386604E+00     0.583617084696370E+01     0.216205790416433E+01
     0.840231539691152E+00     0.582746072200922E+01     0.215716692567479E+01
     0.839344902412823E+00     0.581874788625264E+01     0.215227485546676E+01
     0.838458048705755E+00     0.581003233039955E+01     0.214738171278450E+01
     0.837571184855725E+00     0.580131611066828E+01     0.214248798410347E+01
     0.836689318007220E+00     0.579264848185866E+01     0.213760483955948E+01
     0.835807288925903E+00     0.578397877750679E+01     0.213272085281372E+01
     0.834925095603909E+00     0.577530700708468E+01     0.212783604802941E+01
     0.834042735959061E+00     0.576663317955422E+01     0.212295044941014E+01
     0.833160207830295E+00     0.575795730332175E+01     0.211806408118817E+01
     0.832277508972772E+00     0.574927938618930E+01     0.211317696761212E+01
     0.831394637052594E+00     0.574059943530212E+01     0.210828913293358E+01
     0.830511589640828E+00     0.573191745709056E+01     0.210340060139074E+01
     0.829628364209007E+00     0.572323345721851E+01     0.209851139720435E+01
     0.828744958119158E+00     0.571454744049868E+01     0.209362154453786E+01
     0.827861368620035E+00     0.570585941084099E+01     0.208873106750302E+01
     0.826977592837680E+00     0.569716937116614E+01     0.208383999012901E+01
     0.826093627767349E+00     0.568847732332438E+01     0.207894833634369E+01
     0.825209470264392E+00     0.567978326800525E+01     0.207405612995124E+01
     0.824325117033543E+00     0.567108720463473E+01     0.206916339460223E+01
     0.823440564620583E+00     0.566238913128339E+01     0.206427015378396E+01
     0.822555809397315E+00     0.565368904453031E+01     0.205937643076952E+01
     0.821670847550511E+00     0.564498693934692E+01     0.205448224859891E+01
     0.820785675067199E+00     0.563628280895415E+01     0.204958763004052E+01
     0.819900287720119E+00     0.562757664467526E+01     0.204469259756006E+01
     0.819014681047625E+00     0.561886843574932E+01     0.203979717325842E+01
     0.818128850339422E+00     0.561015816917351E+01     0.203490137885698E+01
     0.817242790611475E+00     0.560144582947242E+01     0.203000523561798E+01
     0.816356496585597E+00     0.559273139848736E+01     0.202510876430655E+01
     0.815469962662830E+00     0.558401485511869E+01     0.202021198512173E+01
     0.814583182894785E+00     0.557529617504486E+01     0.201531491762621E+01
     0.813696150952374E+00     0.556657533041359E+01     0.201041758067309E+01
     0.812808860090086E+00     0.555785228949175E+01     0.200551999231864E+01
     0.811921303106040E+00     0.554912701627366E+01     0.200062216972581E+01
     0.811033472297093E+00     0.554039947004071E+01     0.199572412905588E+01
     0.810145359408245E+00     0.553166960486481E+01     0.199082588534710E+01
     0.809256955574947E+00     0.552293736904369E+01     0.198592745237464E+01
     0.808368251257947E+00     0.551420270446164E+01     0.198102884249460E+01
     0.807479236169333E+00     0.550546554586254E+01     0.197613006646887E+01
     0.806589899184737E+00     0.549672581999823E+01     0.197123113324390E+01
     0.805700228248904E+00     0.548798344468875E+01     0.196633204974133E+01
     0.804810210259216E+00     0.547923832769141E+01     0.196143282056654E+01
     0.803919830932226E+00     0.547049036539803E+01     0.195653344768313E+01
     0.803029074651951E+00     0.546173944133881E+01     0.195163393006142E+01
     0.802137924287305E+00     0.545298542439822E+01     0.194673426323636E+01
     0.801246360977074E+00     0.544422816671060E+01     0.194183443879073E+01
     0.800354363873093E+00     0.543546750115025E+01     0.193693444373400E+01
     0.799461909835988E+00     0.542670323834483E+01     0.193203425978230E+01
     0.798568973063863E+00     0.541793516304455E+01     0.192713386246330E+01
     0.797675524640887E+00     0.540916302970458E+01     0.192223322003244E+01
     0.796781531982800E+00     0.540038655705643E+01     0.191733229214430E+01
     0.795886958148275E+00     0.539160542136570E+01     0.191243102820340E+01
     0.794991760971538E+00     0.538281924794752E+01     0.190752936527712E+01
     0.794095891962838E+00     0.537402760039802E+01     0.190262722546615E+01
     0.793199294886223E+00     0.536522996667937E+01     0.189772451248550E+01
     0.792301903898652E+00     0.535642574090483E+01     0.189282110720037E+01
     0.791403641068295E+00     0.534761419904834E+01     0.188791686166995E+01
     0.790515976536331E+00     0.533890788529807E+01     0.188303917653020E+01
     0.789636863809195E+00     0.533028677508282E+01     0.187818321642350E+01
     0.788757711833527E+00     0.532166664467430E+01     0.187332852723828E+01
     0.787878521645401E+00     0.531304754240961E+01     0.186847514949919E+01
     0.786999294302499E+00     0.530442951695704E+01     0.186362312390334E+01
     0.786120030885166E+00     0.529581261732062E+01     0.185877249132308E+01
     0.785240732496870E+00     0.528719689284217E+01     0.185392329280484E+01
     0.784361400264732E+00     0.527858239320363E+01     0.184907556956824E+01
     0.783482035339937E+00     0.526996916842888E+01     0.184422936300440E+01
     0.782602638898241E+00     0.526135726888603E+01     0.183938471467482E+01
     0.781723212140595E+00     0.525274674529041E+01     0.183454166631088E+01
     0.780843756293521E+00     0.524413764870624E+01     0.182970025981168E+01
     0.779964272609793E+00     0.523553003055000E+01     0.182486053724375E+01
     0.779084762368967E+00     0.522692394259298E+01     0.182002254083966E+01
     0.778205226877906E+00     0.521831943696388E+01     0.181518631299655E+01
     0.777325667471458E+00     0.520971656615229E+01     0.181035189627556E+01
     0.776446085513017E+00     0.520111538301149E+01     0.180551933340029E+01
     0.775566482395178E+00     0.519251594076192E+01     0.180068866725593E+01
     0.774686859540433E+00     0.518391829299485E+01     0.179585994088842E+01
     0.773807218401783E+00     0.517532249367565E+01     0.179103319750298E+01
     0.772927560463476E+00     0.516672859714783E+01     0.178620848046336E+01
     0.772047887241729E+00     0.515813665813699E+01     0.178138583329090E+01
     0.771168200285437E+00     0.514954673175487E+01     0.177656529966328E+01
     0.770288501177001E+00     0.514095887350392E+01     0.177174692341401E+01
     0.769408791533025E+00     0.513237313928146E+01     0.176693074853089E+01
     0.768529073005263E+00     0.512378958538507E+01     0.176211681915597E+01
     0.767649347281346E+00     0.511520826851695E+01     0.175730517958393E+01
     0.766769616085732E+00     0.510662924578958E+01     0.175249587426176E+01
     0.765889881180592E+00     0.509805257473106E+01     0.174768894778788E+01
     0.765010144366691E+00     0.508947831329056E+01     0.174288444491106E+01
     0.764130407484430E+00     0.508090651984470E+01     0.173808241053022E+01
     0.763250672414848E+00     0.507233725320385E+01     0.173328288969380E+01
     0.762370941080587E+00     0.506377057261828E+01     0.172848592759871E+01
     0.761491215446988E+00     0.505520653778517E+01     0.172369156958992E+01
     0.760611497523297E+00     0.504664520885633E+01     0.171889986116064E+01
     0.759731789363676E+00     0.503808664644493E+01     0.171411084795095E+01
     0.758852093068470E+00     0.502953091163384E+01     0.170932457574790E+01
     0.757972410785476E+00     0.502097806598402E+01     0.170454109048545E+01
     0.757092744711159E+00     0.501242817154287E+01     0.169976043824381E+01
     0.756213097092033E+00     0.500388129085348E+01     0.169498266524954E+01
     0.755333470226043E+00     0.499533748696417E+01     0.169020781787553E+01
     0.754453866463991E+00     0.498679682343845E+01     0.168543594264092E+01
     0.753574288211039E+00     0.497825936436542E+01     0.168066708621126E+01
     0.752694737928295E+00     0.496972517437102E+01     0.167590129539893E+01
     0.751815218134351E+00     0.496119431862901E+01     0.167113861716292E+01
     0.750935731407087E+00     0.495266686287380E+01     0.166637909861006E+01
     0.750056280385618E+00     0.494414287341275E+01     0.166162278699774E+01
     0.749176867771072E+00     0.493562241713927E+01     0.165686972972416E+01
     0.748297496330055E+00     0.492710556154726E+01     0.165211997434459E+01
     0.747418168895684E+00     0.491859237474588E+01     0.164737356856263E+01
     0.746538888369804E+00     0.491008292547454E+01     0.164263056023313E+01
     0.745659657725264E+00     0.490157728311977E+01     0.163789099736414E+01
     0.744780480008120E+00     0.489307551773199E+01     0.163315492811802E+01
     0.743901358340019E+00     0.488457770004365E+01     0.162842240081316E+01
     0.743022295920675E+00     0.487608390148821E+01     0.162369346392584E+01
     0.742143296030495E+00     0.486759419422031E+01     0.161896816609249E+01
     0.741264362033214E+00     0.485910865113644E+01     0.161424655611149E+01
     0.740385497378852E+00     0.485062734589773E+01     0.160952868294639E+01
     0.739506705606583E+00     0.484215035295284E+01     0.160481459572802E+01
     0.738627990347960E+00     0.483367774756314E+01     0.160010434375807E+01
     0.737749355330156E+00     0.482520960582864E+01     0.159539797651225E+01
     0.736870804379437E+00     0.481674600471569E+01     0.159069554364402E+01
     0.735992341424789E+00     0.480828702208612E+01     0.158599709498862E+01
     0.735113970501770E+00     0.479983273672830E+01     0.158130268056759E+01
     0.734235695756475E+00     0.479138322838945E+01     0.157661235059318E+01
     0.733357521449869E+00     0.478293857781083E+01     0.157192615547411E+01
     0.732479451962229E+00     0.477449886676412E+01     0.156724414582102E+01
     0.731601491797870E+00     0.476606417809046E+01     0.156256637245250E+01
     0.730723645590121E+00     0.475763459574158E+01     0.155789288640174E+01
     0.729845918106723E+00     0.474921020482437E+01     0.155322373892438E+01
     0.728968314255315E+00     0.474079109164693E+01     0.154855898150572E+01
     0.728090839089433E+00     0.473237734376861E+01     0.154389866586961E+01
     0.727213497814803E+00     0.472396905005298E+01     0.153924284398770E+01
     0.726336295796028E+00     0.471556630072417E+01     0.153459156808947E+01
     0.725459238563728E+00     0.470716918742733E+01     0.152994489067332E+01
     0.724582331822052E+00     0.469877780329263E+01     0.152530286451795E+01
     0.723705581456864E+00     0.469039224300468E+01     0.152066554269603E+01
     0.722828993544205E+00     0.468201260287541E+01     0.151603297858711E+01
     0.721952574359641E+00     0.467363898092383E+01     0.151140522589376E+01
     0.721076330387992E+00     0.466527147696012E+01     0.150678233865732E+01
     0.720200268333923E+00     0.465691019267693E+01     0.150216437127608E+01
     0.719324395133238E+00     0.464855523174718E+01     0.149755137852469E+01
     0.718448717965058E+00     0.464020669992975E+01     0.149294341557561E+01
     0.717573244264780E+00     0.463186470518254E+01     0.148834053802150E+01
     0.716697981738264E+00     0.462352935778603E+01     0.148374280190118E+01
     0.715822938376948E+00     0.461520077047571E+01     0.147915026372665E+01
     0.714948122474239E+00     0.460687905858597E+01     0.147456298051301E+01
     0.714073542643370E+00     0.459856434020680E+01     0.146998100981190E+01
     0.713199207836592E+00     0.459025673635322E+01     0.146540440974693E+01
     0.712325127366199E+00     0.458195637115071E+01     0.146083323905374E+01
     0.711451310927260E+00     0.457366337203670E+01     0.145626755712278E+01
     0.710577768622637E+00     0.456537786998201E+01     0.145170742404800E+01
     0.709704510990145E+00     0.455709999973246E+01     0.144715290067893E+01
     0.708831549032480E+00     0.454882990007506E+01     0.144260404867946E+01
     0.707958894250053E+00     0.454056771413081E+01     0.143806093059245E+01
     0.707086558677139E+00     0.453231358967762E+01     0.143352360991111E+01
     0.706214554921900E+00     0.452406767950833E+01     0.142899215115922E+01
     0.705342896210714E+00     0.451583014182776E+01     0.142446661998011E+01
     0.704471596437385E+00     0.450760114069457E+01     0.141994708323609E+01
     0.703600670218154E+00     0.449938084651531E+01     0.141543360912062E+01
     0.702730132953132E+00     0.449116943659747E+01     0.141092626728384E+01
     0.701860000895391E+00     0.448296709577200E+01     0.140642512897490E+01
     0.700990291228819E+00     0.447477401709581E+01     0.140193026720294E+01
     0.700121022156343E+00     0.446659040264870E+01     0.139744175692070E+01
     0.699252213000208E+00     0.445841646444050E+01     0.139295967523389E+01
     0.698383884316697E+00     0.445025242544969E+01     0.138848410164227E+01
     0.697516058027864E+00     0.444209852081768E+01     0.138401511831729E+01
     0.696648757573801E+00     0.443395499923064E+01     0.137955281042463E+01
     0.695782008089676E+00     0.442582212452761E+01     0.137509726650070E+01
     0.694915836612929E+00     0.441770017758472E+01     0.137064857889493E+01
     0.694050272327593E+00     0.440958945853893E+01     0.136620684429331E+01
     0.693185346854723E+00     0.440149028943382E+01     0.136177216434320E+01
     0.692321094600660E+00     0.439340301739519E+01     0.135734464640506E+01
     0.691457553178686E+00     0.438532801847964E+01     0.135292440446521E+01
     0.690594763925573E+00     0.437726570239231E+01     0.134851156025862E+01
     0.689732772541739E+00     0.436921651833925E+01     0.134410624466402E+01
     0.688871629896111E+00     0.436118096239097E+01     0.133970859946352E+01
     0.688011393054333E+00     0.435315958689669E+01     0.133531877959745E+01
     0.687152126616560E+00     0.434515301274281E+01     0.133093695610617E+01
     0.686293904496139E+00     0.433716194566319E+01     0.132656332005265E+01
     0.685436812345290E+00     0.432918719849835E+01     0.132219808788695E+01
     0.684580950965448E+00     0.432122972251361E+01     0.131784150900773E+01
     0.683726441285194E+00     0.431329065314441E+01     0.131349387682945E+01
     0.682873431975121E+00     0.430537138002388E+01     0.130915554575505E+01
     0.682022111827990E+00     0.429747366091072E+01     0.130482695884126E+01
     0.681172731614390E+00     0.428959982295315E+01     0.130050869676211E+01
     0.680325647535543E+00     0.428175316311531E+01     0.129620157540039E+01
     0.679481425763232E+00     0.427393891221841E+01     0.129190688123533E+01
     0.678641212690330E+00     0.426616765189661E+01     0.128762720735328E+01
     0.677808689549424E+00     0.425847335752931E+01     0.128337087054318E+01
     0.676977979532821E+00     0.425080166445633E+01     0.127912449109158E+01
     0.676146644092923E+00     0.424313006845370E+01     0.127488256614492E+01
     0.675314675361837E+00     0.423545853705344E+01     0.127064511584246E+01
     0.674482065245943E+00     0.422778703590780E+01     0.126641215995933E+01
     0.673648805415230E+00     0.422011552869886E+01     0.126218371788879E+01
     0.672814887291761E+00     0.421244397704125E+01     0.125795980862230E+01
     0.671980302037475E+00     0.420477234037899E+01     0.125374045072877E+01
     0.671145040541142E+00     0.419710057587530E+01     0.124952566233241E+01
     0.670309093404384E+00     0.418942863829472E+01     0.124531546108858E+01
     0.669472450926723E+00     0.418175647987698E+01     0.124110986415817E+01
     0.668635103089711E+00     0.417408405020267E+01     0.123690888818086E+01
     0.667797039539785E+00     0.416641129604858E+01     0.123271254924566E+01
     0.666958249569926E+00     0.415873816123276E+01     0.122852086285961E+01
     0.666118722099931E+00     0.415106458644799E+01     0.122433384391396E+01
     0.665278445655311E+00     0.414339050908320E+01     0.122015150664849E+01
     0.664437408344320E+00     0.413571586302991E+01     0.121597386461155E+01
     0.663595597833498E+00     0.412804057847509E+01     0.121180093061878E+01
     0.662753001321029E+00     0.412036458167630E+01     0.120763271670717E+01
     0.661909605508051E+00     0.411268779471905E+01     0.120346923408586E+01
     0.661065396567552E+00     0.410501013525391E+01     0.119931049308273E+01
     0.660220360110631E+00     0.409733151621130E+01     0.119515650308622E+01
     0.659374481149973E+00     0.408965184549230E+01     0.119100727248288E+01
     0.658527744059772E+00     0.408197102563059E+01     0.118686280858704E+01
     0.657680132532582E+00     0.407428895342632E+01     0.118272311756749E+01
     0.656831629532745E+00     0.406660551954826E+01     0.117858820437066E+01
     0.655982217242777E+00     0.405892060808828E+01     0.117445807261912E+01
     0.655131877008022E+00     0.405123409608631E+01     0.117033272452210E+01
     0.654280589274048E+00     0.404354585300149E+01     0.116621216076512E+01
     0.653428333517909E+00     0.403585574013089E+01     0.116209638038919E+01
     0.652575088174210E+00     0.402816360997554E+01     0.115798538066915E+01
     0.651720830548371E+00     0.402046930552048E+01     0.115387915694651E+01
     0.650865536727866E+00     0.401277265946535E+01     0.114977770249077E+01
     0.650009181477701E+00     0.400507349334692E+01     0.114568100830671E+01
     0.649151738127687E+00     0.399737161657623E+01     0.114158906294238E+01
     0.648293178443956E+00     0.398966682535321E+01     0.113750185225731E+01
     0.647433472487387E+00     0.398195890146057E+01     0.113341935917647E+01
     0.646572588453791E+00     0.397424761090594E+01     0.112934156340768E+01
     0.645710492493828E+00     0.396653270239218E+01     0.112526844112179E+01
     0.644847148510796E+00     0.395881390559346E+01     0.112119996459803E+01
     0.643982517929287E+00     0.395109092919256E+01     0.111713610180778E+01
     0.643116559434161E+00     0.394336345865551E+01     0.111307681595336E+01
     0.642249228671078E+00     0.393563115368391E+01     0.110902206493171E+01
     0.641380477904475E+00     0.392789364529805E+01     0.110497180072651E+01
     0.640510255621661E+00     0.392015053246823E+01     0.110092596869437E+01
     0.639638506078729E+00     0.391240137823096E+01     0.109688450676185E+01
     0.638765168764186E+00     0.390464570513828E+01     0.109284734443866E+01
     0.637890177782720E+00     0.389688298997775E+01     0.108881440172837E+01
     0.637013461122878E+00     0.388911265753129E+01     0.108478558779730E+01
     0.636134939793254E+00     0.388133407319831E+01     0.108076079941267E+01
     0.635254526792190E+00     0.387354653420024E+01     0.107673991906950E+01
     0.634372125876004E+00     0.386574925904200E+01     0.107272281276443E+01
     0.633487630063141E+00     0.385794137473871E+01     0.106870932725897E+01
     0.632600919815978E+00     0.385012190125766E+01     0.106469928677047E+01
     0.631711860799678E+00     0.384228973234845E+01     0.106069248887112E+01
     0.630832416787869E+00     0.383455018458844E+01     0.105671313508109E+01
     0.630003434603657E+00     0.382726208680256E+01     0.105284313040655E+01
     0.629174018532244E+00     0.381997741295431E+01     0.104897948936447E+01
     0.628344165962851E+00     0.381269616948554E+01     0.104512223456231E+01
     0.627513874258561E+00     0.380541836256658E+01     0.104127138849440E+01
     0.626683140755946E+00     0.379814399809296E+01     0.103742697354146E+01
     0.625851962764549E+00     0.379087308168124E+01     0.103358901196926E+01
     0.625020337566462E+00     0.378360561866537E+01     0.102975752592791E+01
     0.624188262415740E+00     0.377634161409224E+01     0.102593253745033E+01
     0.623355734538076E+00     0.376908107271846E+01     0.102211406845220E+01
     0.622522751130104E+00     0.376182399900532E+01     0.101830214072996E+01
     0.621689309359007E+00     0.375457039711519E+01     0.101449677596051E+01
     0.620855406361924E+00     0.374732027090698E+01     0.101069799569995E+01
     0.620021039245392E+00     0.374007362393171E+01     0.100690582138254E+01
     0.619186205084849E+00     0.373283045942837E+01     0.100312027432007E+01
     0.618350900923937E+00     0.372559078031875E+01     0.999341375700252E+00
     0.617515123774015E+00     0.371835458920336E+01     0.995569146586329E+00
     0.616678870613496E+00     0.371112188835634E+01     0.991803607915795E+00
     0.615842138387201E+00     0.370389267972054E+01     0.988044780499307E+00
     0.615004924005756E+00     0.369666696490276E+01     0.984292685019931E+00
     0.614167224344912E+00     0.368944474516853E+01     0.980547342032058E+00
     0.613329036244841E+00     0.368222602143679E+01     0.976808771960288E+00
     0.612490356509441E+00     0.367501079427463E+01     0.973076995098454E+00
     0.611651181905648E+00     0.366779906389193E+01     0.969352031608825E+00
     0.610811509162646E+00     0.366059083013556E+01     0.965633901520799E+00
     0.609971334971127E+00     0.365338609248376E+01     0.961922624730058E+00
     0.609130655982508E+00     0.364618485004024E+01     0.958218220997537E+00
     0.608289468808098E+00     0.363898710152809E+01     0.954520709948278E+00
     0.607447770018297E+00     0.363179284528372E+01     0.950830111070584E+00
     0.606605556141728E+00     0.362460207925045E+01     0.947146443714913E+00
     0.605762823664308E+00     0.361741480097186E+01     0.943469727092603E+00
     0.604919569028425E+00     0.361023100758543E+01     0.939799980275285E+00
     0.604075788631913E+00     0.360305069581534E+01     0.936137222193360E+00
     0.603231478827131E+00     0.359587386196561E+01     0.932481471635177E+00
     0.602386635919978E+00     0.358870050191292E+01     0.928832747246022E+00
     0.601541256168815E+00     0.358153061109894E+01     0.925191067526773E+00
     0.600695335783460E+00     0.357436418452291E+01     0.921556450833102E+00
     0.599848870924067E+00     0.356720121673369E+01     0.917928915374210E+00
     0.599001857699984E+00     0.356004170182153E+01     0.914308479211655E+00
     0.598154292168625E+00     0.355288563340997E+01     0.910695160258415E+00
     0.597306170334208E+00     0.354573300464692E+01     0.907088976277423E+00
     0.596457488146603E+00     0.353858380819630E+01     0.903489944880919E+00
     0.595608241499969E+00     0.353143803622849E+01     0.899898083528830E+00
     0.594758426231427E+00     0.352429568041096E+01     0.896313409527583E+00
     0.593908038119805E+00     0.351715673189917E+01     0.892735940029532E+00
     0.593057072884023E+00     0.351002118132554E+01     0.889165692030663E+00
     0.592205526181868E+00     0.350288901879036E+01     0.885602682370640E+00
     0.591353393608219E+00     0.349576023384989E+01     0.882046927730171E+00
     0.590500670693743E+00     0.348863481550662E+01     0.878498444631130E+00
     0.589647352903031E+00     0.348151275219674E+01     0.874957249433957E+00
     0.588793435633090E+00     0.347439403177926E+01     0.871423358337278E+00
     0.587938914211555E+00     0.346727864152365E+01     0.867896787376251E+00
     0.587083783894818E+00     0.346016656809693E+01     0.864377552420877E+00
     0.586228039866244E+00     0.345305779755111E+01     0.860865669174996E+00
     0.585371677234246E+00     0.344595231530980E+01     0.857361153174923E+00
     0.584514691030178E+00     0.343885010615382E+01     0.853864019787459E+00
     0.583657076206328E+00     0.343175115420713E+01     0.850374284208762E+00
     0.582798827633774E+00     0.342465544292199E+01     0.846891961462914E+00
     0.581939940100072E+00     0.341756295506313E+01     0.843417066399967E+00
     0.581080408306999E+00     0.341047367269206E+01     0.839949613694702E+00
     0.580220226868093E+00     0.340338757715013E+01     0.836489617844727E+00
     0.579359390306098E+00     0.339630464904113E+01     0.833037093168586E+00
     0.578497893050472E+00     0.338922486821384E+01     0.829592053804582E+00
     0.577635729434561E+00     0.338214821374283E+01     0.826154513708411E+00
     0.576772893692808E+00     0.337507466390928E+01     0.822724486651477E+00
     0.575909379957852E+00     0.336800419618095E+01     0.819301986219146E+00
     0.575045182257375E+00     0.336093678719080E+01     0.815887025808292E+00
     0.574180294511026E+00     0.335387241271564E+01     0.812479618625792E+00
     0.573314710527009E+00     0.334681104765301E+01     0.809079777685960E+00
     0.572448423998677E+00     0.333975266599772E+01     0.805687515808577E+00
     0.571581428500908E+00     0.333269724081711E+01     0.802302845616553E+00
     0.570713717486332E+00     0.332564474422532E+01     0.798925779533507E+00
     0.569845284281409E+00     0.331859514735640E+01     0.795556329781330E+00
     0.568976122082305E+00     0.331154842033629E+01     0.792194508377513E+00
     0.568106223950685E+00     0.330450453225384E+01     0.788840327132851E+00
     0.567235582809139E+00     0.329746345112988E+01     0.785493797648211E+00
     0.566364191436546E+00     0.329042514388545E+01     0.782154931311834E+00
     0.565492042463235E+00     0.328338957630867E+01     0.778823739296604E+00
     0.564619128365720E+00     0.327635671301918E+01     0.775500232556194E+00
     0.563745441461522E+00     0.326932651743240E+01     0.772184421822690E+00
     0.562870973903421E+00     0.326229895172063E+01     0.768876317602508E+00
     0.561995717673569E+00     0.325527397677290E+01     0.765575930172779E+00
     0.561119664577402E+00     0.324825155215336E+01     0.762283269578022E+00
     0.560242806237105E+00     0.324123163605677E+01     0.758998345625867E+00
     0.559365134084857E+00     0.323421418526241E+01     0.755721167883134E+00
     0.558486639355660E+00     0.322719915508529E+01     0.752451745671326E+00
     0.557607313079786E+00     0.322018649932475E+01     0.749190088061784E+00
     0.556727146074998E+00     0.321317617021116E+01     0.745936203871404E+00
     0.555846128938253E+00     0.320616811834943E+01     0.742690101657587E+00
     0.554964252036803E+00     0.319916229265862E+01     0.739451789712088E+00
     0.554081505499198E+00     0.319215864031018E+01     0.736221276056387E+00
     0.553197879205440E+00     0.318515710666110E+01     0.732998568435022E+00
     0.552313362776834E+00     0.317815763518450E+01     0.729783674309712E+00
     0.551427945565183E+00     0.317116016739594E+01     0.726576600852641E+00
     0.550541616641306E+00     0.316416464277520E+01     0.723377354939086E+00
     0.549654364783110E+00     0.315717099868467E+01     0.720185943140518E+00
     0.548766178462708E+00     0.315017917028159E+01     0.717002371716083E+00
     0.547877045832448E+00     0.314318909042346E+01     0.713826646601741E+00
     0.546986954712777E+00     0.313620068958161E+01     0.710658773412316E+00
     0.546095892573983E+00     0.312921389572150E+01     0.707498757416199E+00
     0.545203846522067E+00     0.312222863420306E+01     0.704346603535178E+00
     0.544310803281208E+00     0.311524482766150E+01     0.701202316331280E+00
     0.543416749175664E+00     0.310826239588352E+01     0.698065899995481E+00
     0.542521670110490E+00     0.310128125567542E+01     0.694937358335500E+00
     0.541625551550952E+00     0.309430132072224E+01     0.691816694762433E+00
     0.540728378500658E+00     0.308732250143816E+01     0.688703912276820E+00
     0.539830135478265E+00     0.308034470480687E+01     0.685599013453835E+00
     0.538930806492570E+00     0.307336783421094E+01     0.682502000427204E+00
     0.538030375015837E+00     0.306639178924918E+01     0.679412874871677E+00
     0.537128823955420E+00     0.305941646554195E+01     0.676331637984962E+00
     0.536226135623199E+00     0.305244175452169E+01     0.673258290467404E+00
     0.535322291702924E+00     0.304546754320892E+01     0.670192832500653E+00
     0.534417273215180E+00     0.303849371397168E+01     0.667135263724673E+00
     0.533511060479648E+00     0.303152014426660E+01     0.664085583212501E+00
     0.532603633075432E+00     0.302454670636496E+01     0.661043789447427E+00
     0.531694969794915E+00     0.301757326703991E+01     0.658009880281684E+00
     0.530785048599775E+00     0.301059968725887E+01     0.654983852919810E+00
     0.529873846568423E+00     0.300362582182510E+01     0.651965703875920E+00
     0.528961339841450E+00     0.299665151900169E+01     0.648955428938391E+00
     0.528047503562044E+00     0.298967662010174E+01     0.645953023128944E+00
     0.527132311811419E+00     0.298270095904380E+01     0.642958480658273E+00
     0.526215737540110E+00     0.297572436187631E+01     0.639971794884347E+00
     0.525297752488335E+00     0.296874664623486E+01     0.636992958243564E+00
     0.524378327107699E+00     0.296176762079407E+01     0.634021962215565E+00
     0.523457430464892E+00     0.295478708461349E+01     0.631058797233321E+00
     0.522535030149232E+00     0.294780482648796E+01     0.628103452644821E+00
     0.521611092158928E+00     0.294082062417176E+01     0.625155916612245E+00
     0.520685580783951E+00     0.293383424356639E+01     0.622216176036993E+00
     0.519758458475015E+00     0.292684543781542E+01     0.619284216466336E+00
     0.518829685699774E+00     0.291985394630977E+01     0.616360021992742E+00
     0.517899220782131E+00     0.291285949357904E+01     0.613443575133421E+00
     0.516967019727138E+00     0.290586178807783E+01     0.610534856709162E+00
     0.516033036024888E+00     0.289886052082946E+01     0.607633845700758E+00
     0.515097220432783E+00     0.289185536391851E+01     0.604740519090377E+00
     0.514159520732555E+00     0.288484596880821E+01     0.601854851683108E+00
     0.513219881461368E+00     0.287783196447254E+01     0.598976815919155E+00
     0.512278243601790E+00     0.287081295525693E+01     0.596106381624094E+00
     0.511334544245321E+00     0.286378851853367E+01     0.593243515782102E+00
     0.510388716202980E+00     0.285675820200514E+01     0.590388182235112E+00
     0.509440687567922E+00     0.284972152066690E+01     0.587540341356887E+00
     0.508490381218495E+00     0.284267795335539E+01     0.584699949681422E+00
     0.507537714250346E+00     0.283562693880301E+01     0.581866959472870E+00
     0.506582597327395E+00     0.282856787112451E+01     0.579041318237112E+00
     0.505624933932429E+00     0.282150009460829E+01     0.576222968145161E+00
     0.504664619503860E+00     0.281442289770853E+01     0.573411845376303E+00
     0.503701540433951E+00     0.280733550606880E+01     0.570607879354765E+00
     0.502735572891806E+00     0.280023707433517E+01     0.567810991822388E+00
     0.501766581454642E+00     0.279312667660801E+01     0.565021095801223E+00
     0.500794417478215E+00     0.278600329509256E+01     0.562238094307081E+00
     0.499910514290785E+00     0.277953570110564E+01     0.559558173261202E+00
     0.499027465439228E+00     0.277308312662730E+01     0.556887919328583E+00
     0.498143725610344E+00     0.276663426336666E+01     0.554225698882439E+00
     0.497259289997301E+00     0.276018908259923E+01     0.551571510838502E+00
     0.496374153718345E+00     0.275374755501134E+01     0.548925353957717E+00
     0.495488311814606E+00     0.274730965068703E+01     0.546287226846465E+00
     0.494601759247680E+00     0.274087533909400E+01     0.543657127956279E+00
     0.493714490897278E+00     0.273444458906944E+01     0.541035055584169E+00
     0.492826501558576E+00     0.272801736880466E+01     0.538421007872152E+00
     0.491937785939661E+00     0.272159364582968E+01     0.535814982807639E+00
     0.491048338658673E+00     0.271517338699654E+01     0.533216978222961E+00
     0.490158154240964E+00     0.270875655846229E+01     0.530626991795519E+00
     0.489267227116101E+00     0.270234312567125E+01     0.528045021047714E+00
     0.488375551614665E+00     0.269593305333601E+01     0.525471063346637E+00
     0.487483121964957E+00     0.268952630541792E+01     0.522905115903891E+00
     0.486589932289608E+00     0.268312284510677E+01     0.520347175775605E+00
     0.485695976601992E+00     0.267672263479948E+01     0.517797239862273E+00
     0.484801248802399E+00     0.267032563607738E+01     0.515255304908232E+00
     0.483905742674152E+00     0.266393180968299E+01     0.512721367501613E+00
     0.483009451879477E+00     0.265754111549536E+01     0.510195424073990E+00
     0.482112369955238E+00     0.265115351250454E+01     0.507677470900227E+00
     0.481214490308325E+00     0.264476895878423E+01     0.505167504097712E+00
     0.480315806211049E+00     0.263838741146391E+01     0.502665519626478E+00
     0.479416310796093E+00     0.263200882669888E+01     0.500171513288366E+00
     0.478515997051344E+00     0.262563315963919E+01     0.497685480726681E+00
     0.477614857814429E+00     0.261926036439693E+01     0.495207417425615E+00
     0.476712885767030E+00     0.261289039401204E+01     0.492737318709820E+00
     0.475810073428821E+00     0.260652320041598E+01     0.490275179743586E+00
     0.474906413151191E+00     0.260015873439403E+01     0.487820995530263E+00
     0.474001897110538E+00     0.259379694554502E+01     0.485374760911262E+00
     0.473096517301396E+00     0.258743778223984E+01     0.482936470565670E+00
     0.472190265528980E+00     0.258108119157679E+01     0.480506119008877E+00
     0.471283133401530E+00     0.257472711933529E+01     0.478083700591913E+00
     0.470375112322125E+00     0.256837550992671E+01     0.475669209500240E+00
     0.469466193480109E+00     0.256202630634261E+01     0.473262639752570E+00
     0.468556367842076E+00     0.255567945010036E+01     0.470863985199772E+00
     0.467645626142287E+00     0.254933488118536E+01     0.468473239523327E+00
     0.466733958872653E+00     0.254299253799051E+01     0.466090396234066E+00
     0.465821356272029E+00     0.253665235725167E+01     0.463715448670280E+00
     0.464907808315096E+00     0.253031427398025E+01     0.461348389996443E+00
     0.463993304700431E+00     0.252397822138990E+01     0.458989213200813E+00
     0.463077834837807E+00     0.251764413082531E+01     0.456637911094067E+00
     0.462161387835244E+00     0.251131193167522E+01     0.454294476306663E+00
     0.461243952484659E+00     0.250498155129145E+01     0.451958901286573E+00
     0.460325517247126E+00     0.249865291489797E+01     0.449631178297063E+00
     0.459406070237001E+00     0.249232594549499E+01     0.447311299413714E+00
     0.458485599205171E+00     0.248600056375739E+01     0.444999256521468E+00
     0.457564091521354E+00     0.247967668792732E+01     0.442695041311787E+00
     0.456641534155296E+00     0.247335423370095E+01     0.440398645280155E+00
     0.455717913656183E+00     0.246703311410091E+01     0.438110059718021E+00
     0.454793216131825E+00     0.246071323935427E+01     0.435829275713567E+00
     0.453867427226512E+00     0.245439451675553E+01     0.433556284150136E+00
     0.452940532095485E+00     0.244807685051150E+01     0.431291075692807E+00
     0.452012515380165E+00     0.244176014159181E+01     0.429033640789852E+00
     0.451083361180446E+00     0.243544428756053E+01     0.426783969665709E+00
     0.450153053025496E+00     0.242912918239872E+01     0.424542052315501E+00
     0.449221573842503E+00     0.242281471631466E+01     0.422307878498786E+00
     0.448288905923267E+00     0.241650077554109E+01     0.420081437732696E+00
     0.447355030888666E+00     0.241018724211907E+01     0.417862719285208E+00
     0.446419929650387E+00     0.240387399366585E+01     0.415651712166902E+00
     0.445483582370281E+00     0.239756090312764E+01     0.413448405123152E+00
     0.444545968416543E+00     0.239124783851368E+01     0.411252786624665E+00
     0.443607066317027E+00     0.238493466261241E+01     0.409064844858207E+00
     0.442666853709039E+00     0.237862123268657E+01     0.406884567716044E+00
     0.441725307285524E+00     0.237230740014637E+01     0.404711942784655E+00
     0.440782402737319E+00     0.236599301019881E+01     0.402546957332602E+00
     0.439838114691297E+00     0.235967790147182E+01     0.400389598297946E+00
     0.438892416643683E+00     0.235336190560972E+01     0.398239852273753E+00
     0.437945280888617E+00     0.234704484683956E+01     0.396097705493266E+00
     0.436996678441442E+00     0.234072654150546E+01     0.393963143814004E+00
     0.436046578956116E+00     0.233440679756799E+01     0.391836152700208E+00
     0.435094950636627E+00     0.232808541406708E+01     0.389716717204389E+00
     0.434141760141934E+00     0.232176218054597E+01     0.387604821947882E+00
     0.433186972483819E+00     0.231543687643292E+01     0.385500451099582E+00
     0.432230550917560E+00     0.230910927037983E+01     0.383403588353942E+00
     0.431272456824874E+00     0.230277911955481E+01     0.381314216907541E+00
     0.430312649588962E+00     0.229644616888808E+01     0.379232319434698E+00
     0.429351086461477E+00     0.229011015027028E+01     0.377157878062072E+00
     0.428387722421628E+00     0.228377078170490E+01     0.375090874343158E+00
     0.427422510027527E+00     0.227742776641653E+01     0.373031289232071E+00
     0.426455399261044E+00     0.227108079192264E+01     0.370979103058881E+00
     0.425486337367679E+00     0.226472952907787E+01     0.368934295507537E+00
     0.424515268692082E+00     0.225837363110799E+01     0.366896845590522E+00
     0.423542134518590E+00     0.225201273266217E+01     0.364866731642993E+00
     0.422566872915920E+00     0.224564644892055E+01     0.362843931312503E+00
     0.421589418600917E+00     0.223927437482215E+01     0.360828421569760E+00
     0.420609702833283E+00     0.223289608450292E+01     0.358820178738273E+00
     0.419627653364044E+00     0.222651113108627E+01     0.356819178556734E+00
     0.418643194470289E+00     0.222011904703594E+01     0.354825396287761E+00
     0.417656247127442E+00     0.221371934539722E+01     0.352838806897760E+00
     0.416666729398002E+00     0.220731152243037E+01     0.350859385343602E+00
     0.415674557162007E+00     0.220089506243344E+01     0.348887107022779E+00
     0.414679645392064E+00     0.219446944604497E+01     0.346921948478112E+00
     0.413681910311439E+00     0.218803416417776E+01     0.344963888509076E+00
     0.412681273020564E+00     0.218158874130145E+01     0.343012909951904E+00
     0.411677665649326E+00     0.217513277480494E+01     0.341069002591711E+00
     0.410671042080605E+00     0.216866600339822E+01     0.339132168142927E+00
     0.409661397479270E+00     0.216218843149620E+01     0.337202429169661E+00
     0.408648806471881E+00     0.215570057211764E+01     0.335279846400202E+00
     0.407633506700252E+00     0.214920397819390E+01     0.333364556538095E+00
     0.406616121658933E+00     0.214270265960822E+01     0.331456873439815E+00
     0.405598600162421E+00     0.213620906099326E+01     0.329557718795074E+00
     0.404586561007571E+00     0.212975895174412E+01     0.327669671278342E+00
     0.403565326321217E+00     0.212325879444402E+01     0.325785849198355E+00
     0.402531879684964E+00     0.211668958578087E+01     0.323905017957357E+00
     0.401485305911678E+00     0.211004574977625E+01     0.322026954707340E+00
     0.400424551534213E+00     0.210332086160995E+01     0.320151396162887E+00
     0.399348392796855E+00     0.209650745064751E+01     0.318278028657973E+00
     0.398255393378918E+00     0.208959674018565E+01     0.316406474926943E+00
     0.397143847490235E+00     0.208257829706099E+01     0.314536276160708E+00
     0.396011701634422E+00     0.207543954972147E+01     0.312666867182263E+00
     0.394856444319357E+00     0.206816510868314E+01     0.310797541166493E+00
     0.393674946016640E+00     0.206073578013910E+01     0.308927398077648E+00
     0.392463218782129E+00     0.205312708393374E+01     0.307055266678619E+00
     0.391216039823479E+00     0.204530693205415E+01     0.305179581482417E+00
     0.390107080508407E+00     0.203836287310407E+01     0.303370284748146E+00
     0.389295868861375E+00     0.203328961352886E+01     0.301687357880681E+00
     0.388481049895290E+00     0.202819951098486E+01     0.300008705229323E+00
     0.387662546154230E+00     0.202309212902844E+01     0.298334330916891E+00
     0.386840276999500E+00     0.201796701302172E+01     0.296664238940882E+00
     0.386014158410162E+00     0.201282368898401E+01     0.294998433157217E+00
     0.385184102766772E+00     0.200766166234626E+01     0.293336917262088E+00
     0.384350018617182E+00     0.200248041660106E+01     0.291679694773765E+00
     0.383511810419801E+00     0.199727941182513E+01     0.290026769005636E+00
     0.382647525902047E+00     0.199192270771829E+01     0.288370107902354E+00
     0.381738327868324E+00     0.198629411605766E+01     0.286703278608844E+00
     0.380824779657388E+00     0.198064520098296E+01     0.285041454932459E+00
     0.379906379038995E+00     0.197497291754496E+01     0.283384499254567E+00
     0.378982656155417E+00     0.196927443274789E+01     0.281732294166715E+00
     0.378053156517022E+00     0.196354701975359E+01     0.280084735811113E+00
     0.377117428187644E+00     0.195778797850997E+01     0.278441729105262E+00
     0.376175011368364E+00     0.195199457163300E+01     0.276803184119153E+00
     0.375225429251971E+00     0.194616396850660E+01     0.275169013155006E+00
     0.374268179370093E+00     0.194029319277425E+01     0.273539128225934E+00
     0.373302724842737E+00     0.193437906957817E+01     0.271913438736355E+00
     0.372328485011606E+00     0.192841816938374E+01     0.270291849193780E+00
     0.371344824941660E+00     0.192240674527639E+01     0.268674256796826E+00
     0.370351043231685E+00     0.191634066036032E+01     0.267060548781215E+00
     0.369346357438857E+00     0.191021530112036E+01     0.265450599339134E+00
     0.368329886234766E+00     0.190402547148965E+01     0.263844265921132E+00
     0.367508899467823E+00     0.189903159003093E+01     0.262305446327497E+00
     0.366786017472572E+00     0.189463913817530E+01     0.260801732658467E+00
     0.366060605622751E+00     0.189023576713064E+01     0.259301688828673E+00
     0.365332623420727E+00     0.188582125783359E+01     0.257805320344266E+00
     0.364602029201362E+00     0.188139538485327E+01     0.256312632785884E+00
     0.363868780080480E+00     0.187695791610762E+01     0.254823631809526E+00
     0.363132831899988E+00     0.187250861256120E+01     0.253338323146844E+00
     0.362394139169689E+00     0.186804722790436E+01     0.251856712605720E+00
     0.361652655005387E+00     0.186357350821181E+01     0.250378806070736E+00
     0.360908331062832E+00     0.185908719157831E+01     0.248904609503175E+00
     0.360161117467433E+00     0.185458800773054E+01     0.247434128941295E+00
     0.359410962739111E+00     0.185007567761214E+01     0.245967370500179E+00
     0.358657813711965E+00     0.184554991293976E+01     0.244504340371444E+00
     0.357901615448257E+00     0.184101041572752E+01     0.243045044822759E+00
     0.357142311146188E+00     0.183645687777678E+01     0.241589490197145E+00
     0.356379842040786E+00     0.183188898012758E+01     0.240137682911913E+00
     0.355614147297251E+00     0.182730639246794E+01     0.238689629457175E+00
     0.354845163895984E+00     0.182270877249680E+01     0.237245336394015E+00
     0.354072826508467E+00     0.181809576523557E+01     0.235804810352363E+00
     0.353297067362749E+00     0.181346700228192E+01     0.234368058027856E+00
     0.352517816097682E+00     0.180882210100029E+01     0.232935086178492E+00
     0.351734999604318E+00     0.180416066364058E+01     0.231505901620275E+00
     0.350948541853624E+00     0.179948227636351E+01     0.230080511222928E+00
     0.350158363705009E+00     0.179478650823639E+01     0.228658921899636E+00
     0.349364382702482E+00     0.179007291001185E+01     0.227241140605212E+00
     0.348566512844360E+00     0.178534101289801E+01     0.225827174323145E+00
     0.347764664331982E+00     0.178059032714375E+01     0.224417030055539E+00
     0.346958743290601E+00     0.177582034048005E+01     0.223010714809823E+00
     0.346148651458861E+00     0.177103051638413E+01     0.221608235583082E+00
     0.345334285841409E+00     0.176622029213596E+01     0.220209599342564E+00
     0.344515538318839E+00     0.176138907663330E+01     0.218814813002895E+00
     0.343692295206894E+00     0.175653624792013E+01     0.217423883398081E+00
     0.342864436755480E+00     0.175166115037465E+01     0.216036817247474E+00
     0.342031836575653E+00     0.174676309148991E+01     0.214653621114548E+00
     0.341194360979102E+00     0.174184133817099E+01     0.213274301355985E+00
     0.340351868212033E+00     0.173689511232877E+01     0.211898864059775E+00
     0.339504207554362E+00     0.173192358600190E+01     0.210527314966225E+00
     0.338657622631831E+00     0.172696338233785E+01     0.209161033552557E+00
     0.337827386938275E+00     0.172210386677028E+01     0.207803195128480E+00
     0.336992043437181E+00     0.171721934370114E+01     0.206449145087518E+00
     0.336151431456748E+00     0.171230893096728E+01     0.205098888685208E+00
     0.335305380616235E+00     0.170737169265395E+01     0.203752430971991E+00
     0.334453709946858E+00     0.170240663420943E+01     0.202409776752249E+00
     0.333596226906355E+00     0.169741269696675E+01     0.201070930537107E+00
     0.332732726270765E+00     0.169238875198182E+01     0.199735896489509E+00
     0.331862988884289E+00     0.168733359308082E+01     0.198404678360660E+00
     0.330986780244076E+00     0.168224592898812E+01     0.197077279415818E+00
     0.330103848892604E+00     0.167712437438331E+01     0.195753702349171E+00
     0.329213924583706E+00     0.167196743969162E+01     0.194433949177110E+00
     0.328316716183846E+00     0.166677351940828E+01     0.193118021125802E+00
     0.327411909257604E+00     0.166154087865397E+01     0.191805918486349E+00
     0.326499163279035E+00     0.165626763764836E+01     0.190497640449202E+00
     0.325578108394193E+00     0.165095175368067E+01     0.189193184905615E+00
     0.324648341643568E+00     0.164559100006784E+01     0.187892548211138E+00
     0.323709422528990E+00     0.164018294145726E+01     0.186595724900729E+00
     0.322760867780589E+00     0.163472490466665E+01     0.185302707345506E+00
     0.321802145138893E+00     0.162921394402974E+01     0.184013485335385E+00
     0.320832665914983E+00     0.162364679992405E+01     0.182728045568596E+00
     0.319851776021159E+00     0.161801984876283E+01     0.181446371023539E+00
     0.318858745067802E+00     0.161232904219416E+01     0.180168440178897E+00
     0.317852752989760E+00     0.160656983250966E+01     0.178894226037183E+00
     0.316832873480044E+00     0.160073708022854E+01     0.177623694891239E+00
     0.315798053243988E+00     0.159482493834474E+01     0.176356804748626E+00
     0.314747085705175E+00     0.158882670559005E+01     0.175093503296136E+00
     0.313678577229741E+00     0.158273463791078E+01     0.173833725235230E+00
     0.312590903084472E+00     0.157653970259713E+01     0.172577388742743E+00
     0.311482149027716E+00     0.157023125214635E+01     0.171324390689733E+00
     0.310350032342085E+00     0.156379658325468E+01     0.170074600063178E+00
     0.309191792687996E+00     0.155722032715780E+01     0.168827848709834E+00
     0.308004037332452E+00     0.155048358496789E+01     0.167583917982313E+00
     0.306782514981839E+00     0.154356266391314E+01     0.166342518887333E+00
     0.305521773230962E+00     0.153642716290747E+01     0.165103261512781E+00
     0.304214616684784E+00     0.152903694358771E+01     0.163865605841817E+00
     0.302851202292944E+00     0.152133707253301E+01     0.162628778295609E+00
     0.301417421373073E+00     0.151324877388249E+01     0.161391619999291E+00
     0.299891729254243E+00     0.150465169810636E+01     0.160152284622091E+00
     0.298794612460344E+00     0.149847573885611E+01     0.158974125748463E+00
     0.298131361048846E+00     0.149474578600192E+01     0.157852713742618E+00
     0.297466659032431E+00     0.149101082071486E+01     0.156734269863506E+00
     0.296800494291108E+00     0.148727078412635E+01     0.155618796816678E+00
     0.296132854546569E+00     0.148352561662280E+01     0.154506297348099E+00
     0.295463727359111E+00     0.147977525783101E+01     0.153396774244578E+00
     0.294793100124564E+00     0.147601964660350E+01     0.152290230334408E+00
     0.294120960071092E+00     0.147225872100334E+01     0.151186668487901E+00
     0.293447294255941E+00     0.146849241828855E+01     0.150086091618006E+00
     0.292772089562056E+00     0.146472067489608E+01     0.148988502680842E+00
     0.292095332694663E+00     0.146094342642546E+01     0.147893904676356E+00
     0.291417010177733E+00     0.145716060762197E+01     0.146802300648943E+00
     0.290737108350361E+00     0.145337215235927E+01     0.145713693688085E+00
     0.290055613363002E+00     0.144957799362161E+01     0.144628086928933E+00
     0.289372511173646E+00     0.144577806348547E+01     0.143545483552953E+00
     0.288687787543961E+00     0.144197229310110E+01     0.142465886788782E+00
     0.288001428035136E+00     0.143816061267279E+01     0.141389299912652E+00
     0.287313418003796E+00     0.143434295143926E+01     0.140315726249254E+00
     0.286623742597708E+00     0.143051923765320E+01     0.139245169172395E+00
     0.285932386751398E+00     0.142668939856028E+01     0.138177632105760E+00
     0.285239335181611E+00     0.142285336037745E+01     0.137113118523589E+00
     0.284544572382675E+00     0.141901104827084E+01     0.136051631951491E+00
     0.283848082621696E+00     0.141516238633268E+01     0.134993175967154E+00
     0.283149849933689E+00     0.141130729755802E+01     0.133937754201258E+00
     0.282449858116423E+00     0.140744570382014E+01     0.132885370338094E+00
     0.281748090725294E+00     0.140357752584587E+01     0.131836028116592E+00
     0.281044531067889E+00     0.139970268318966E+01     0.130789731331029E+00
     0.280339162198451E+00     0.139582109420704E+01     0.129746483831898E+00
     0.279631966912184E+00     0.139193267602734E+01     0.128706289526802E+00
     0.278922927739398E+00     0.138803734452556E+01     0.127669152381417E+00
     0.278212026939419E+00     0.138413501429325E+01     0.126635076420349E+00
     0.277499246494333E+00     0.138022559860847E+01     0.125604065728056E+00
     0.276784568102557E+00     0.137630900940495E+01     0.124576124449860E+00
     0.276067973172177E+00     0.137238515724012E+01     0.123551256792902E+00
     0.275349442814084E+00     0.136845395126220E+01     0.122529467027150E+00
     0.274628957834901E+00     0.136451529917616E+01     0.121510759486452E+00
     0.273906498729676E+00     0.136056910720866E+01     0.120495138569608E+00
     0.273182045674273E+00     0.135661528007155E+01     0.119482608741346E+00
     0.272455578517642E+00     0.135265372092464E+01     0.118473174533574E+00
     0.271727076773694E+00     0.134868433133669E+01     0.117466840546391E+00
     0.270996519613029E+00     0.134470701124555E+01     0.116463611449387E+00
     0.270263885854233E+00     0.134072165891644E+01     0.115463491982668E+00
     0.269529153955037E+00     0.133672817089929E+01     0.114466486958207E+00
     0.268792302003041E+00     0.133272644198414E+01     0.113472601261017E+00
     0.268053307706200E+00     0.132871636515536E+01     0.112481839850486E+00
     0.267312148382947E+00     0.132469783154398E+01     0.111494207761708E+00
     0.266568800951920E+00     0.132067073037834E+01     0.110509710106762E+00
     0.265823241921382E+00     0.131663494893302E+01     0.109528352076142E+00
     0.265075447378308E+00     0.131259037247610E+01     0.108550138940311E+00
     0.264325392976744E+00     0.130853688421354E+01     0.107575076050753E+00
     0.263573053926328E+00     0.130447436523311E+01     0.106603168842008E+00
     0.262818404979785E+00     0.130040269444458E+01     0.105634422832817E+00
     0.262061420419960E+00     0.129632174851769E+01     0.104668843627238E+00
     0.261302074048005E+00     0.129223140182208E+01     0.103706436918839E+00
     0.260540339167614E+00     0.128813152635562E+01     0.102747208488593E+00
     0.259776188572039E+00     0.128402199167889E+01     0.101791164208940E+00
     0.259009594529026E+00     0.127990266484300E+01     0.100838310045098E+00
     0.258240528765389E+00     0.127577341031498E+01     0.998886520568511E-01
     0.257468962450989E+00     0.127163408990040E+01     0.989421964004324E-01
     0.256694866182006E+00     0.126748456266245E+01     0.979989493303586E-01
     0.255918209963646E+00     0.126332468483819E+01     0.970589172015769E-01
     0.255138963192010E+00     0.125915430975083E+01     0.961221064714304E-01
     0.254357094635266E+00     0.125497328771855E+01     0.951885237018281E-01
     0.253572572413909E+00     0.125078146595898E+01     0.942581755612771E-01
     0.252785363980343E+00     0.124657868849019E+01     0.933310688273101E-01
     0.251995436097446E+00     0.124236479602676E+01     0.924072103887379E-01
     0.251202754816202E+00     0.123813962587141E+01     0.914866072480355E-01
     0.250407285452303E+00     0.123390301180160E+01     0.905692665237361E-01
     0.249608992561826E+00     0.122965478395133E+01     0.896551954531513E-01
     0.248807839915597E+00     0.122539476868690E+01     0.887444013948412E-01
     0.248003790472560E+00     0.122112278847748E+01     0.878368918315138E-01
     0.247196806351642E+00     0.121683866175869E+01     0.869326743725910E-01
     0.246386848802547E+00     0.121254220279053E+01     0.860317567573388E-01
     0.245573878175605E+00     0.120823322150958E+01     0.851341468589035E-01
     0.244757853887350E+00     0.120391152336615E+01     0.842398526837485E-01
     0.243938734389443E+00     0.119957690916733E+01     0.833488823796443E-01
     0.243116477131532E+00     0.119522917489965E+01     0.824612442363644E-01
     0.242291038524069E+00     0.119086811154755E+01     0.815769466895123E-01
     0.241462373899098E+00     0.118649350490233E+01     0.806959983243676E-01
     0.240630437468775E+00     0.118210513536022E+01     0.798184078794993E-01
     0.239795182281784E+00     0.117770277770997E+01     0.789441842507461E-01
     0.238956560177233E+00     0.117328620090835E+01     0.780733364950789E-01
     0.238114521736231E+00     0.116885516784386E+01     0.772058738349855E-01
     0.237269016230515E+00     0.116440943508643E+01     0.763418056626579E-01
     0.236419991568340E+00     0.115994875262327E+01     0.754811415446340E-01
     0.235567394237675E+00     0.115547286358060E+01     0.746238912273418E-01
     0.234711169243889E+00     0.115098150392277E+01     0.737700646394024E-01
     0.233851260047424E+00     0.114647440214376E+01     0.729196718999358E-01
     0.232987608494375E+00     0.114195127893054E+01     0.720727233220083E-01
     0.232120154744605E+00     0.113741184681049E+01     0.712292294190834E-01
     0.231248837194311E+00     0.113285580977375E+01     0.703892009101797E-01
     0.230373592394198E+00     0.112828286287273E+01     0.695526487261240E-01
     0.229494354962552E+00     0.112369269179610E+01     0.687195840165036E-01
     0.228611057491369E+00     0.111908497241085E+01     0.678900181550827E-01
     0.227723630448742E+00     0.111445937028082E+01     0.670639627495355E-01
     0.226832002070235E+00     0.110981554013935E+01     0.662414296450823E-01
     0.225936098246577E+00     0.110515312533610E+01     0.654224309343640E-01
     0.225035842401431E+00     0.110047175723860E+01     0.646069789649534E-01
     0.224131155361142E+00     0.109577105459241E+01     0.637950863486888E-01
     0.223221955213463E+00     0.109105062282939E+01     0.629867659695190E-01
     0.222308157156507E+00     0.108631005332591E+01     0.621820309933273E-01
     0.221389673336036E+00     0.108154892260336E+01     0.613808948783311E-01
     0.220466412668477E+00     0.107676679146037E+01     0.605833713844007E-01
     0.219538280651423E+00     0.107196320404013E+01     0.597894745853300E-01
     0.218605179156781E+00     0.106713768681467E+01     0.589992188798334E-01
     0.217667006206965E+00     0.106228974748405E+01     0.582126190041477E-01
     0.216723655731917E+00     0.105741887378070E+01     0.574296900454262E-01
     0.215775017302952E+00     0.105252453216061E+01     0.566504474552194E-01
     0.214820975843966E+00     0.104760616638109E+01     0.558749070645869E-01
     0.213861411314399E+00     0.104266319593961E+01     0.551030850999007E-01
     0.212896198362141E+00     0.103769501436336E+01     0.543349982000624E-01
     0.211925205941132E+00     0.103270098732598E+01     0.535706634335152E-01
     0.210948296891215E+00     0.102768045057526E+01     0.528100983182219E-01
     0.209965327474423E+00     0.102263270764446E+01     0.520533208435591E-01
     0.208976146857678E+00     0.101755702730500E+01     0.513003494888025E-01
     0.207980596544119E+00     0.101245264075416E+01     0.505512032511413E-01
     0.206978509734470E+00     0.100731873846505E+01     0.498059016690349E-01
     0.205969710614945E+00     0.100215446666980E+01     0.490644648497842E-01
     0.204954013560330E+00     0.996958923419384E+00     0.483269135015757E-01
     0.203931222233754E+00     0.991731154137137E+00     0.475932689638722E-01
     0.202901128572539E+00     0.986470146602754E+00     0.468635532441676E-01
     0.201863511636199E+00     0.981174825255684E+00     0.461377890557881E-01
     0.200818136295849E+00     0.975844044709376E+00     0.454159998612203E-01
     0.199764751733854E+00     0.970476582325543E+00     0.446982099185180E-01
     0.198703089717246E+00     0.965071129669061E+00     0.439844443301429E-01
     0.197632862606409E+00     0.959626282642733E+00     0.432747291016897E-01
     0.196553761039105E+00     0.954140530014258E+00     0.425690912039802E-01
     0.195530507159643E+00     0.948942645113030E+00     0.418685264191994E-01
     0.194545327371989E+00     0.943942041032093E+00     0.411724256336737E-01
     0.193553749264917E+00     0.938912800786044E+00     0.404800536132526E-01
     0.192555620858753E+00     0.933854198727110E+00     0.397914306166131E-01
     0.191550783422548E+00     0.928765476700194E+00     0.391065774373541E-01
     0.190539071005339E+00     0.923645841771321E+00     0.384255154279063E-01
     0.189520309921931E+00     0.918494463734833E+00     0.377482665251353E-01
     0.188494318187343E+00     0.913310472370857E+00     0.370748532776722E-01
     0.187460904893322E+00     0.908092954420862E+00     0.364052988752767E-01
     0.186419869519183E+00     0.902840950243491E+00     0.357396271804142E-01
     0.185371001167891E+00     0.897553450106394E+00     0.350778627622541E-01
     0.184314077716855E+00     0.892229390062654E+00     0.344200309334360E-01
     0.183248864870827E+00     0.886867647350452E+00     0.337661577896793E-01
     0.182175115102398E+00     0.881467035244816E+00     0.331162702529365E-01
     0.181092566462329E+00     0.876026297275168E+00     0.324703961180870E-01
     0.180000941239067E+00     0.870544100707450E+00     0.318285641040161E-01
     0.178899944442107E+00     0.865019029167415E+00     0.311908039092408E-01
     0.177789262079112E+00     0.859449574257888E+00     0.305571462730180E-01
     0.176668559189796E+00     0.853834125989404E+00     0.299276230424324E-01
     0.175537477591586E+00     0.848170961804423E+00     0.293022672463821E-01
     0.174395633281624E+00     0.842458233924112E+00     0.286811131775840E-01
     0.173242613426079E+00     0.836693954680492E+00     0.280641964835167E-01
     0.172077972850817E+00     0.830875979413561E+00     0.274515542680754E-01
     0.170901229924507E+00     0.825001986401089E+00     0.268432252053853E-01
     0.169711861695794E+00     0.819069453144320E+00     0.262392496680451E-01
     0.168509298106234E+00     0.813075628137780E+00     0.256396698722161E-01
     0.167292915047392E+00     0.807017496990133E+00     0.250445300429409E-01
     0.166062025956982E+00     0.800891741403709E+00     0.244538766034717E-01
     0.164815871547429E+00     0.794694689023254E+00     0.238677583936377E-01
     0.163553607117144E+00     0.788422251463964E+00     0.232862269236456E-01
     0.162274286690429E+00     0.782069846828588E+00     0.227093366707169E-01
     0.160976842925447E+00     0.775632301523413E+00     0.221371454328255E-01
     0.159660061301317E+00     0.769103724082561E+00     0.215697147460701E-01
     0.158322546382191E+00     0.762477340223435E+00     0.210071103933040E-01
     0.156962676912610E+00     0.755745273239169E+00     0.204494030245460E-01
     0.155578544749515E+00     0.748898245272794E+00     0.198966689271549E-01
     0.154167869743237E+00     0.741925160845704E+00     0.193489909977084E-01
     0.152727877632383E+00     0.734812509289713E+00     0.188064599911290E-01
     0.151255118813643E+00     0.727543477643494E+00     0.182691761616904E-01
     0.149745188099686E+00     0.720096578625304E+00     0.177372514736049E-01
     0.148192268976603E+00     0.712443418962750E+00     0.172108126681901E-01
     0.146588343803410E+00     0.704544831231656E+00     0.166900056696218E-01
     0.144921706558978E+00     0.696343588602905E+00     0.161750021718730E-01
     0.143173824464352E+00     0.687749029172416E+00     0.156660099187051E-01
     0.141311503976026E+00     0.678598669376996E+00     0.151632891924689E-01
     0.139260962514587E+00     0.668531136561081E+00     0.146671756635737E-01
     0.137237122923640E+00     0.658601786052321E+00     0.141791114937099E-01
     0.135869753204116E+00     0.651898447125995E+00     0.136987870996385E-01
     0.134485995285965E+00     0.645119780019810E+00     0.132234009337521E-01
     0.133085203839442E+00     0.638262739412009E+00     0.127530089287641E-01
     0.131666689533150E+00     0.631324071603328E+00     0.122876693416941E-01
     0.130229714693389E+00     0.624300293926884E+00     0.118274429150742E-01
     0.128773488403335E+00     0.617187671496646E+00     0.113723930539094E-01
     0.127297160944453E+00     0.609982190832348E+00     0.109225860208945E-01
     0.125799817468494E+00     0.602679529831111E+00     0.104780911518804E-01
     0.124280470768461E+00     0.595275023456650E+00     0.100389810970259E-01
     0.122738052980075E+00     0.587763624354475E+00     0.960533208502151E-02
     0.121171406022901E+00     0.580139857474746E+00     0.917722422216274E-02
     0.119579270532235E+00     0.572397767528203E+00     0.875474182551170E-02
     0.117960272983006E+00     0.564530857852003E+00     0.833797379808118E-02
     0.116312910630813E+00     0.556532018904236E+00     0.792701405265809E-02
     0.114635533800419E+00     0.548393444154579E+00     0.752196199256868E-02
     0.112926324927782E+00     0.540106530547788E+00     0.712292305973286E-02
     0.111183273598063E+00     0.531661759938503E+00     0.673000936261675E-02
     0.109404146603637E+00     0.523048556857568E+00     0.634334039951026E-02
     0.107586451752757E+00     0.514255116574335E+00     0.596304389687170E-02
     0.105727393758045E+00     0.505268195510633E+00     0.558925678710029E-02
     0.103823819979984E+00     0.496072853426841E+00     0.522212635717978E-02
     0.101872153022346E+00     0.486652133099017E+00     0.486181160853340E-02
     0.998683060668068E-01     0.476986657927802E+00     0.450848488071840E-02
     0.978075752227443E-01     0.467054120255164E+00     0.416233380862161E-02
     0.956845007822481E-01     0.456828621814781E+00     0.382356370663932E-02
     0.934926856582420E-01     0.446279810557556E+00     0.349240050750300E-02
     0.912245536789969E-01     0.435371731429145E+00     0.316909443322206E-02
     0.888710214715626E-01     0.424061266136618E+00     0.285392465082333E-02
     0.864210429395269E-01     0.412295966870170E+00     0.254720527894881E-02
     0.838609601982747E-01     0.400010969301508E+00     0.224929329872902E-02
     0.811735500088297E-01     0.387124456898215E+00     0.196059921612498E-02
     0.783365708173046E-01     0.373530749145717E+00     0.168160184739439E-02
     0.753204485442859E-01     0.359089291666194E+00     0.141286953119306E-02
     0.720843819414740E-01     0.343606125535564E+00     0.115509187472891E-02
     0.685693097088479E-01     0.326800421473920E+00     0.909129890882368E-03
     0.646839621852605E-01     0.308238100302446E+00     0.676101025369771E-03
     0.602732934343244E-01     0.287181586542566E+00     0.457538378602205E-03
     0.550309249624644E-01     0.262173042094156E+00     0.255737069273595E-03
     0.481462897709328E-01     0.229354580584047E+00     0.747345975296914E-04
