  0.11186E+01  0.72962E+01  0.22868E+01
  0.11175E+01  0.72871E+01  0.22829E+01
  0.11165E+01  0.72780E+01  0.22790E+01
  0.11154E+01  0.72691E+01  0.22751E+01
  0.11144E+01  0.72602E+01  0.22712E+01
  0.11133E+01  0.72512E+01  0.22673E+01
  0.11123E+01  0.72420E+01  0.22634E+01
  0.11112E+01  0.72331E+01  0.22595E+01
  0.11102E+01  0.72242E+01  0.22557E+01
  0.11091E+01  0.72153E+01  0.22518E+01
  0.11081E+01  0.72061E+01  0.22479E+01
  0.11070E+01  0.71970E+01  0.22441E+01
  0.11059E+01  0.71880E+01  0.22402E+01
  0.11049E+01  0.71791E+01  0.22363E+01
  0.11038E+01  0.71701E+01  0.22325E+01
  0.11028E+01  0.71610E+01  0.22286E+01
  0.11017E+01  0.71521E+01  0.22248E+01
  0.11007E+01  0.71432E+01  0.22210E+01
  0.10996E+01  0.71343E+01  0.22171E+01
  0.10986E+01  0.71253E+01  0.22133E+01
  0.10975E+01  0.71163E+01  0.22094E+01
  0.10965E+01  0.71074E+01  0.22056E+01
  0.10954E+01  0.70985E+01  0.22018E+01
  0.10944E+01  0.70896E+01  0.21980E+01
  0.10933E+01  0.70805E+01  0.21942E+01
  0.10922E+01  0.70717E+01  0.21903E+01
  0.10912E+01  0.70628E+01  0.21865E+01
  0.10902E+01  0.70540E+01  0.21827E+01
  0.10891E+01  0.70450E+01  0.21789E+01
  0.10880E+01  0.70361E+01  0.21751E+01
  0.10870E+01  0.70273E+01  0.21713E+01
  0.10860E+01  0.70185E+01  0.21675E+01
  0.10849E+01  0.70096E+01  0.21637E+01
  0.10838E+01  0.70005E+01  0.21600E+01
  0.10828E+01  0.69917E+01  0.21562E+01
  0.10818E+01  0.69829E+01  0.21524E+01
  0.10807E+01  0.69740E+01  0.21486E+01
  0.10796E+01  0.69650E+01  0.21449E+01
  0.10786E+01  0.69562E+01  0.21411E+01
  0.10776E+01  0.69475E+01  0.21373E+01
  0.10765E+01  0.69387E+01  0.21336E+01
  0.10755E+01  0.69299E+01  0.21298E+01
  0.10744E+01  0.69210E+01  0.21261E+01
  0.10734E+01  0.69122E+01  0.21223E+01
  0.10723E+01  0.69034E+01  0.21186E+01
  0.10713E+01  0.68945E+01  0.21148E+01
  0.10702E+01  0.68854E+01  0.21111E+01
  0.10691E+01  0.68767E+01  0.21074E+01
  0.10681E+01  0.68679E+01  0.21036E+01
  0.10671E+01  0.68591E+01  0.20999E+01
  0.10660E+01  0.68503E+01  0.20962E+01
  0.10649E+01  0.68414E+01  0.20925E+01
  0.10639E+01  0.68328E+01  0.20887E+01
  0.10629E+01  0.68240E+01  0.20850E+01
  0.10618E+01  0.68152E+01  0.20813E+01
  0.10608E+01  0.68063E+01  0.20776E+01
  0.10597E+01  0.67976E+01  0.20739E+01
  0.10587E+01  0.67890E+01  0.20702E+01
  0.10576E+01  0.67801E+01  0.20665E+01
  0.10566E+01  0.67711E+01  0.20628E+01
  0.10555E+01  0.67625E+01  0.20592E+01
  0.10545E+01  0.67538E+01  0.20555E+01
  0.10534E+01  0.67451E+01  0.20518E+01
  0.10524E+01  0.67363E+01  0.20481E+01
  0.10513E+01  0.67276E+01  0.20445E+01
  0.10503E+01  0.67190E+01  0.20408E+01
  0.10493E+01  0.67103E+01  0.20371E+01
  0.10482E+01  0.67016E+01  0.20335E+01
  0.10472E+01  0.66928E+01  0.20298E+01
  0.10461E+01  0.66842E+01  0.20262E+01
  0.10451E+01  0.66756E+01  0.20225E+01
  0.10440E+01  0.66668E+01  0.20189E+01
  0.10430E+01  0.66579E+01  0.20152E+01
  0.10419E+01  0.66493E+01  0.20116E+01
  0.10409E+01  0.66407E+01  0.20079E+01
  0.10398E+01  0.66320E+01  0.20043E+01
  0.10388E+01  0.66231E+01  0.20007E+01
  0.10377E+01  0.66145E+01  0.19971E+01
  0.10367E+01  0.66059E+01  0.19934E+01
  0.10357E+01  0.65973E+01  0.19898E+01
  0.10346E+01  0.65885E+01  0.19862E+01
  0.10336E+01  0.65798E+01  0.19826E+01
  0.10325E+01  0.65713E+01  0.19790E+01
  0.10315E+01  0.65627E+01  0.19754E+01
  0.10304E+01  0.65540E+01  0.19718E+01
  0.10294E+01  0.65452E+01  0.19682E+01
  0.10283E+01  0.65366E+01  0.19646E+01
  0.10273E+01  0.65281E+01  0.19610E+01
  0.10263E+01  0.65194E+01  0.19574E+01
  0.10252E+01  0.65106E+01  0.19539E+01
  0.10242E+01  0.65021E+01  0.19503E+01
  0.10231E+01  0.64936E+01  0.19467E+01
  0.10221E+01  0.64850E+01  0.19431E+01
  0.10210E+01  0.64762E+01  0.19396E+01
  0.10200E+01  0.64677E+01  0.19360E+01
  0.10190E+01  0.64592E+01  0.19325E+01
  0.10179E+01  0.64506E+01  0.19289E+01
  0.10169E+01  0.64419E+01  0.19253E+01
  0.10158E+01  0.64334E+01  0.19218E+01
  0.10148E+01  0.64248E+01  0.19183E+01
  0.10137E+01  0.64163E+01  0.19147E+01
  0.10127E+01  0.64077E+01  0.19112E+01
  0.10116E+01  0.63991E+01  0.19076E+01
  0.10106E+01  0.63906E+01  0.19041E+01
  0.10096E+01  0.63822E+01  0.19006E+01
  0.10085E+01  0.63736E+01  0.18971E+01
  0.10075E+01  0.63649E+01  0.18935E+01
  0.10064E+01  0.63564E+01  0.18900E+01
  0.10054E+01  0.63479E+01  0.18865E+01
  0.10044E+01  0.63394E+01  0.18830E+01
  0.10033E+01  0.63307E+01  0.18795E+01
  0.10023E+01  0.63223E+01  0.18760E+01
  0.10012E+01  0.63138E+01  0.18725E+01
  0.10002E+01  0.63053E+01  0.18690E+01
  0.99913E+00  0.62966E+01  0.18655E+01
  0.99810E+00  0.62882E+01  0.18620E+01
  0.99707E+00  0.62798E+01  0.18586E+01
  0.99603E+00  0.62713E+01  0.18551E+01
  0.99497E+00  0.62627E+01  0.18516E+01
  0.99394E+00  0.62542E+01  0.18481E+01
  0.99290E+00  0.62458E+01  0.18447E+01
  0.99186E+00  0.62373E+01  0.18412E+01
  0.99079E+00  0.62286E+01  0.18377E+01
  0.98977E+00  0.62203E+01  0.18343E+01
  0.98874E+00  0.62119E+01  0.18308E+01
  0.98770E+00  0.62035E+01  0.18274E+01
  0.98664E+00  0.61949E+01  0.18239E+01
  0.98562E+00  0.61866E+01  0.18205E+01
  0.98458E+00  0.61782E+01  0.18171E+01
  0.98354E+00  0.61697E+01  0.18136E+01
  0.98248E+00  0.61611E+01  0.18102E+01
  0.98146E+00  0.61528E+01  0.18068E+01
  0.98043E+00  0.61445E+01  0.18033E+01
  0.97940E+00  0.61361E+01  0.17999E+01
  0.97834E+00  0.61275E+01  0.17965E+01
  0.97731E+00  0.61192E+01  0.17931E+01
  0.97628E+00  0.61108E+01  0.17897E+01
  0.97524E+00  0.61024E+01  0.17863E+01
  0.97418E+00  0.60939E+01  0.17829E+01
  0.97316E+00  0.60856E+01  0.17795E+01
  0.97213E+00  0.60773E+01  0.17761E+01
  0.97110E+00  0.60690E+01  0.17727E+01
  0.97004E+00  0.60604E+01  0.17693E+01
  0.96902E+00  0.60522E+01  0.17659E+01
  0.96799E+00  0.60439E+01  0.17625E+01
  0.96695E+00  0.60355E+01  0.17592E+01
  0.96589E+00  0.60270E+01  0.17558E+01
  0.96487E+00  0.60188E+01  0.17524E+01
  0.96384E+00  0.60104E+01  0.17490E+01
  0.96280E+00  0.60021E+01  0.17457E+01
  0.96174E+00  0.59936E+01  0.17423E+01
  0.96072E+00  0.59854E+01  0.17390E+01
  0.95970E+00  0.59771E+01  0.17356E+01
  0.95866E+00  0.59688E+01  0.17323E+01
  0.95762E+00  0.59604E+01  0.17289E+01
  0.95660E+00  0.59522E+01  0.17256E+01
  0.95557E+00  0.59440E+01  0.17222E+01
  0.95454E+00  0.59357E+01  0.17189E+01
  0.95349E+00  0.59274E+01  0.17156E+01
  0.95248E+00  0.59192E+01  0.17122E+01
  0.95145E+00  0.59110E+01  0.17089E+01
  0.95041E+00  0.59027E+01  0.17056E+01
  0.94937E+00  0.58943E+01  0.17023E+01
  0.94835E+00  0.58862E+01  0.16990E+01
  0.94733E+00  0.58780E+01  0.16957E+01
  0.94628E+00  0.58696E+01  0.16924E+01
  0.94525E+00  0.58613E+01  0.16891E+01
  0.94423E+00  0.58532E+01  0.16858E+01
  0.94320E+00  0.58450E+01  0.16825E+01
  0.94215E+00  0.58366E+01  0.16792E+01
  0.94114E+00  0.58286E+01  0.16759E+01
  0.94012E+00  0.58204E+01  0.16726E+01
  0.93909E+00  0.58123E+01  0.16693E+01
  0.93804E+00  0.58039E+01  0.16660E+01
  0.93703E+00  0.57959E+01  0.16628E+01
  0.93601E+00  0.57878E+01  0.16595E+01
  0.93499E+00  0.57796E+01  0.16562E+01
  0.93394E+00  0.57713E+01  0.16530E+01
  0.93293E+00  0.57632E+01  0.16497E+01
  0.93191E+00  0.57551E+01  0.16465E+01
  0.93087E+00  0.57469E+01  0.16432E+01
  0.92984E+00  0.57387E+01  0.16400E+01
  0.92883E+00  0.57307E+01  0.16367E+01
  0.92781E+00  0.57226E+01  0.16335E+01
  0.92676E+00  0.57143E+01  0.16302E+01
  0.92575E+00  0.57063E+01  0.16270E+01
  0.92474E+00  0.56983E+01  0.16238E+01
  0.92372E+00  0.56902E+01  0.16205E+01
  0.92268E+00  0.56820E+01  0.16173E+01
  0.92168E+00  0.56741E+01  0.16141E+01
  0.92067E+00  0.56661E+01  0.16109E+01
  0.91965E+00  0.56580E+01  0.16077E+01
  0.91862E+00  0.56499E+01  0.16045E+01
  0.91761E+00  0.56419E+01  0.16013E+01
  0.91660E+00  0.56339E+01  0.15981E+01
  0.91555E+00  0.56257E+01  0.15949E+01
  0.91455E+00  0.56178E+01  0.15917E+01
  0.91355E+00  0.56099E+01  0.15885E+01
  0.91253E+00  0.56019E+01  0.15853E+01
  0.91150E+00  0.55937E+01  0.15821E+01
  0.91050E+00  0.55859E+01  0.15789E+01
  0.90949E+00  0.55780E+01  0.15757E+01
  0.90847E+00  0.55699E+01  0.15726E+01
  0.90746E+00  0.55619E+01  0.15694E+01
  0.90646E+00  0.55541E+01  0.15662E+01
  0.90545E+00  0.55462E+01  0.15631E+01
  0.90441E+00  0.55380E+01  0.15599E+01
  0.90341E+00  0.55302E+01  0.15568E+01
  0.90241E+00  0.55223E+01  0.15536E+01
  0.90139E+00  0.55144E+01  0.15505E+01
  0.90038E+00  0.55064E+01  0.15473E+01
  0.89939E+00  0.54987E+01  0.15442E+01
  0.89839E+00  0.54908E+01  0.15410E+01
  0.89736E+00  0.54828E+01  0.15379E+01
  0.89638E+00  0.54751E+01  0.15348E+01
  0.89538E+00  0.54673E+01  0.15316E+01
  0.89437E+00  0.54594E+01  0.15285E+01
  0.89337E+00  0.54516E+01  0.15254E+01
  0.89239E+00  0.54439E+01  0.15223E+01
  0.89139E+00  0.54362E+01  0.15192E+01
  0.89038E+00  0.54282E+01  0.15160E+01
  0.88940E+00  0.54206E+01  0.15129E+01
  0.88841E+00  0.54129E+01  0.15098E+01
  0.88739E+00  0.54050E+01  0.15067E+01
  0.88640E+00  0.53972E+01  0.15036E+01
  0.88542E+00  0.53896E+01  0.15005E+01
  0.88443E+00  0.53819E+01  0.14975E+01
  0.88343E+00  0.53741E+01  0.14944E+01
  0.88246E+00  0.53666E+01  0.14913E+01
  0.88147E+00  0.53589E+01  0.14882E+01
  0.88046E+00  0.53511E+01  0.14851E+01
  0.87950E+00  0.53436E+01  0.14821E+01
  0.87853E+00  0.53361E+01  0.14790E+01
  0.87754E+00  0.53284E+01  0.14759E+01
  0.87655E+00  0.53207E+01  0.14729E+01
  0.87558E+00  0.53132E+01  0.14698E+01
  0.87460E+00  0.53056E+01  0.14667E+01
  0.87361E+00  0.52980E+01  0.14637E+01
  0.87265E+00  0.52906E+01  0.14606E+01
  0.87169E+00  0.52831E+01  0.14576E+01
  0.87070E+00  0.52754E+01  0.14546E+01
  0.86975E+00  0.52681E+01  0.14515E+01
  0.86880E+00  0.52608E+01  0.14485E+01
  0.86781E+00  0.52531E+01  0.14455E+01
  0.86688E+00  0.52459E+01  0.14424E+01
  0.86593E+00  0.52386E+01  0.14394E+01
  0.86494E+00  0.52310E+01  0.14364E+01
  0.86402E+00  0.52239E+01  0.14334E+01
  0.86309E+00  0.52168E+01  0.14303E+01
  0.86213E+00  0.52093E+01  0.14273E+01
  0.86119E+00  0.52021E+01  0.14243E+01
  0.86027E+00  0.51951E+01  0.14213E+01
  0.85933E+00  0.51878E+01  0.14183E+01
  0.85841E+00  0.51807E+01  0.14153E+01
  0.85751E+00  0.51738E+01  0.14123E+01
  0.85660E+00  0.51668E+01  0.14093E+01
  0.85571E+00  0.51600E+01  0.14063E+01
  0.85484E+00  0.51533E+01  0.14034E+01
  0.85396E+00  0.51465E+01  0.14004E+01
  0.85308E+00  0.51398E+01  0.13974E+01
  0.85220E+00  0.51331E+01  0.13944E+01
  0.85131E+00  0.51263E+01  0.13914E+01
  0.85042E+00  0.51195E+01  0.13885E+01
  0.84954E+00  0.51127E+01  0.13855E+01
  0.84865E+00  0.51060E+01  0.13825E+01
  0.84777E+00  0.50992E+01  0.13796E+01
  0.84689E+00  0.50925E+01  0.13766E+01
  0.84600E+00  0.50857E+01  0.13737E+01
  0.84512E+00  0.50790E+01  0.13707E+01
  0.84424E+00  0.50722E+01  0.13678E+01
  0.84335E+00  0.50655E+01  0.13648E+01
  0.84247E+00  0.50588E+01  0.13619E+01
  0.84159E+00  0.50520E+01  0.13589E+01
  0.84071E+00  0.50453E+01  0.13560E+01
  0.83983E+00  0.50386E+01  0.13531E+01
  0.83895E+00  0.50319E+01  0.13501E+01
  0.83806E+00  0.50252E+01  0.13472E+01
  0.83717E+00  0.50184E+01  0.13443E+01
  0.83629E+00  0.50117E+01  0.13413E+01
  0.83540E+00  0.50050E+01  0.13384E+01
  0.83452E+00  0.49983E+01  0.13355E+01
  0.83363E+00  0.49916E+01  0.13326E+01
  0.83275E+00  0.49848E+01  0.13297E+01
  0.83186E+00  0.49781E+01  0.13268E+01
  0.83098E+00  0.49714E+01  0.13239E+01
  0.83010E+00  0.49648E+01  0.13210E+01
  0.82921E+00  0.49581E+01  0.13181E+01
  0.82833E+00  0.49514E+01  0.13152E+01
  0.82743E+00  0.49446E+01  0.13123E+01
  0.82654E+00  0.49379E+01  0.13094E+01
  0.82566E+00  0.49312E+01  0.13065E+01
  0.82477E+00  0.49245E+01  0.13036E+01
  0.82388E+00  0.49178E+01  0.13008E+01
  0.82300E+00  0.49111E+01  0.12979E+01
  0.82211E+00  0.49044E+01  0.12950E+01
  0.82123E+00  0.48977E+01  0.12922E+01
  0.82034E+00  0.48910E+01  0.12893E+01
  0.81945E+00  0.48844E+01  0.12864E+01
  0.81857E+00  0.48777E+01  0.12836E+01
  0.81768E+00  0.48711E+01  0.12807E+01
  0.81680E+00  0.48644E+01  0.12779E+01
  0.81591E+00  0.48577E+01  0.12750E+01
  0.81503E+00  0.48511E+01  0.12722E+01
  0.81414E+00  0.48444E+01  0.12693E+01
  0.81324E+00  0.48377E+01  0.12665E+01
  0.81235E+00  0.48310E+01  0.12636E+01
  0.81146E+00  0.48243E+01  0.12608E+01
  0.81057E+00  0.48177E+01  0.12580E+01
  0.80969E+00  0.48110E+01  0.12551E+01
  0.80880E+00  0.48044E+01  0.12523E+01
  0.80791E+00  0.47977E+01  0.12495E+01
  0.80703E+00  0.47911E+01  0.12467E+01
  0.80614E+00  0.47845E+01  0.12438E+01
  0.80526E+00  0.47778E+01  0.12410E+01
  0.80437E+00  0.47712E+01  0.12382E+01
  0.80347E+00  0.47645E+01  0.12354E+01
  0.80258E+00  0.47579E+01  0.12326E+01
  0.80169E+00  0.47512E+01  0.12298E+01
  0.80079E+00  0.47445E+01  0.12270E+01
  0.79990E+00  0.47379E+01  0.12242E+01
  0.79902E+00  0.47313E+01  0.12214E+01
  0.79813E+00  0.47247E+01  0.12186E+01
  0.79724E+00  0.47181E+01  0.12159E+01
  0.79636E+00  0.47115E+01  0.12131E+01
  0.79547E+00  0.47049E+01  0.12103E+01
  0.79458E+00  0.46983E+01  0.12075E+01
  0.79370E+00  0.46917E+01  0.12047E+01
  0.79281E+00  0.46851E+01  0.12020E+01
  0.79192E+00  0.46785E+01  0.11992E+01
  0.79104E+00  0.46720E+01  0.11964E+01
  0.79015E+00  0.46654E+01  0.11937E+01
  0.78925E+00  0.46587E+01  0.11909E+01
  0.78836E+00  0.46521E+01  0.11882E+01
  0.78747E+00  0.46455E+01  0.11854E+01
  0.78658E+00  0.46389E+01  0.11827E+01
  0.78569E+00  0.46324E+01  0.11799E+01
  0.78480E+00  0.46258E+01  0.11772E+01
  0.78392E+00  0.46192E+01  0.11744E+01
  0.78303E+00  0.46126E+01  0.11717E+01
  0.78214E+00  0.46061E+01  0.11690E+01
  0.78125E+00  0.45995E+01  0.11662E+01
  0.78036E+00  0.45930E+01  0.11635E+01
  0.77948E+00  0.45864E+01  0.11608E+01
  0.77858E+00  0.45798E+01  0.11581E+01
  0.77769E+00  0.45733E+01  0.11554E+01
  0.77680E+00  0.45667E+01  0.11526E+01
  0.77591E+00  0.45602E+01  0.11499E+01
  0.77502E+00  0.45536E+01  0.11472E+01
  0.77413E+00  0.45471E+01  0.11445E+01
  0.77324E+00  0.45406E+01  0.11418E+01
  0.77235E+00  0.45340E+01  0.11391E+01
  0.77146E+00  0.45275E+01  0.11364E+01
  0.77058E+00  0.45210E+01  0.11337E+01
  0.76969E+00  0.45145E+01  0.11310E+01
  0.76880E+00  0.45079E+01  0.11283E+01
  0.76791E+00  0.45014E+01  0.11257E+01
  0.76702E+00  0.44949E+01  0.11230E+01
  0.76614E+00  0.44884E+01  0.11203E+01
  0.76525E+00  0.44819E+01  0.11176E+01
  0.76435E+00  0.44754E+01  0.11150E+01
  0.76346E+00  0.44689E+01  0.11123E+01
  0.76257E+00  0.44624E+01  0.11096E+01
  0.76168E+00  0.44559E+01  0.11070E+01
  0.76079E+00  0.44494E+01  0.11043E+01
  0.75990E+00  0.44429E+01  0.11017E+01
  0.75901E+00  0.44364E+01  0.10990E+01
  0.75813E+00  0.44299E+01  0.10964E+01
  0.75724E+00  0.44234E+01  0.10937E+01
  0.75635E+00  0.44170E+01  0.10911E+01
  0.75546E+00  0.44105E+01  0.10884E+01
  0.75457E+00  0.44040E+01  0.10858E+01
  0.75367E+00  0.43975E+01  0.10832E+01
  0.75278E+00  0.43910E+01  0.10805E+01
  0.75189E+00  0.43845E+01  0.10779E+01
  0.75100E+00  0.43780E+01  0.10753E+01
  0.75010E+00  0.43716E+01  0.10727E+01
  0.74922E+00  0.43651E+01  0.10700E+01
  0.74833E+00  0.43587E+01  0.10674E+01
  0.74744E+00  0.43522E+01  0.10648E+01
  0.74655E+00  0.43458E+01  0.10622E+01
  0.74566E+00  0.43394E+01  0.10596E+01
  0.74478E+00  0.43329E+01  0.10570E+01
  0.74389E+00  0.43265E+01  0.10544E+01
  0.74300E+00  0.43201E+01  0.10518E+01
  0.74211E+00  0.43137E+01  0.10492E+01
  0.74123E+00  0.43073E+01  0.10466E+01
  0.74034E+00  0.43008E+01  0.10440E+01
  0.73945E+00  0.42944E+01  0.10414E+01
  0.73855E+00  0.42880E+01  0.10389E+01
  0.73766E+00  0.42816E+01  0.10363E+01
  0.73678E+00  0.42752E+01  0.10337E+01
  0.73589E+00  0.42688E+01  0.10311E+01
  0.73500E+00  0.42624E+01  0.10286E+01
  0.73411E+00  0.42560E+01  0.10260E+01
  0.73323E+00  0.42496E+01  0.10234E+01
  0.73234E+00  0.42432E+01  0.10209E+01
  0.73145E+00  0.42368E+01  0.10183E+01
  0.73057E+00  0.42305E+01  0.10158E+01
  0.72968E+00  0.42241E+01  0.10132E+01
  0.72879E+00  0.42177E+01  0.10107E+01
  0.72789E+00  0.42113E+01  0.10081E+01
  0.72700E+00  0.42049E+01  0.10056E+01
  0.72611E+00  0.41985E+01  0.10031E+01
  0.72523E+00  0.41922E+01  0.10005E+01
  0.72434E+00  0.41858E+01  0.99799E+00
  0.72346E+00  0.41795E+01  0.99546E+00
  0.72257E+00  0.41732E+01  0.99293E+00
  0.72169E+00  0.41669E+01  0.99041E+00
  0.72080E+00  0.41605E+01  0.98789E+00
  0.71992E+00  0.41542E+01  0.98538E+00
  0.71904E+00  0.41479E+01  0.98286E+00
  0.71815E+00  0.41416E+01  0.98035E+00
  0.71727E+00  0.41353E+01  0.97785E+00
  0.71639E+00  0.41290E+01  0.97534E+00
  0.71550E+00  0.41227E+01  0.97284E+00
  0.71462E+00  0.41164E+01  0.97034E+00
  0.71374E+00  0.41102E+01  0.96785E+00
  0.71285E+00  0.41038E+01  0.96536E+00
  0.71196E+00  0.40976E+01  0.96287E+00
  0.71108E+00  0.40913E+01  0.96039E+00
  0.71020E+00  0.40850E+01  0.95790E+00
  0.70932E+00  0.40788E+01  0.95543E+00
  0.70844E+00  0.40725E+01  0.95295E+00
  0.70755E+00  0.40662E+01  0.95048E+00
  0.70667E+00  0.40600E+01  0.94801E+00
  0.70579E+00  0.40538E+01  0.94554E+00
  0.70491E+00  0.40475E+01  0.94308E+00
  0.70403E+00  0.40413E+01  0.94062E+00
  0.70315E+00  0.40351E+01  0.93816E+00
  0.70228E+00  0.40289E+01  0.93571E+00
  0.70140E+00  0.40227E+01  0.93326E+00
  0.70052E+00  0.40165E+01  0.93081E+00
  0.69964E+00  0.40103E+01  0.92836E+00
  0.69877E+00  0.40041E+01  0.92592E+00
  0.69790E+00  0.39979E+01  0.92348E+00
  0.69702E+00  0.39918E+01  0.92105E+00
  0.69615E+00  0.39856E+01  0.91861E+00
  0.69528E+00  0.39795E+01  0.91618E+00
  0.69441E+00  0.39734E+01  0.91376E+00
  0.69353E+00  0.39672E+01  0.91133E+00
  0.69266E+00  0.39611E+01  0.90891E+00
  0.69179E+00  0.39550E+01  0.90649E+00
  0.69093E+00  0.39489E+01  0.90408E+00
  0.69006E+00  0.39428E+01  0.90167E+00
  0.68919E+00  0.39367E+01  0.89926E+00
  0.68833E+00  0.39307E+01  0.89685E+00
  0.68747E+00  0.39246E+01  0.89445E+00
  0.68661E+00  0.39186E+01  0.89205E+00
  0.68574E+00  0.39125E+01  0.88966E+00
  0.68488E+00  0.39065E+01  0.88726E+00
  0.68403E+00  0.39005E+01  0.88487E+00
  0.68317E+00  0.38945E+01  0.88249E+00
  0.68232E+00  0.38885E+01  0.88010E+00
  0.68147E+00  0.38826E+01  0.87772E+00
  0.68062E+00  0.38767E+01  0.87534E+00
  0.67979E+00  0.38709E+01  0.87297E+00
  0.67896E+00  0.38651E+01  0.87059E+00
  0.67813E+00  0.38593E+01  0.86822E+00
  0.67729E+00  0.38535E+01  0.86586E+00
  0.67646E+00  0.38477E+01  0.86349E+00
  0.67563E+00  0.38419E+01  0.86113E+00
  0.67478E+00  0.38360E+01  0.85877E+00
  0.67394E+00  0.38302E+01  0.85642E+00
  0.67311E+00  0.38244E+01  0.85407E+00
  0.67228E+00  0.38186E+01  0.85172E+00
  0.67145E+00  0.38128E+01  0.84937E+00
  0.67062E+00  0.38070E+01  0.84703E+00
  0.66978E+00  0.38013E+01  0.84469E+00
  0.66895E+00  0.37955E+01  0.84235E+00
  0.66812E+00  0.37897E+01  0.84002E+00
  0.66728E+00  0.37839E+01  0.83768E+00
  0.66644E+00  0.37781E+01  0.83535E+00
  0.66560E+00  0.37723E+01  0.83303E+00
  0.66476E+00  0.37665E+01  0.83071E+00
  0.66393E+00  0.37607E+01  0.82839E+00
  0.66309E+00  0.37549E+01  0.82607E+00
  0.66225E+00  0.37491E+01  0.82375E+00
  0.66141E+00  0.37433E+01  0.82144E+00
  0.66058E+00  0.37376E+01  0.81913E+00
  0.65974E+00  0.37318E+01  0.81683E+00
  0.65890E+00  0.37260E+01  0.81453E+00
  0.65806E+00  0.37202E+01  0.81223E+00
  0.65721E+00  0.37144E+01  0.80993E+00
  0.65637E+00  0.37086E+01  0.80764E+00
  0.65553E+00  0.37028E+01  0.80535E+00
  0.65469E+00  0.36970E+01  0.80306E+00
  0.65385E+00  0.36913E+01  0.80077E+00
  0.65301E+00  0.36855E+01  0.79849E+00
  0.65217E+00  0.36797E+01  0.79621E+00
  0.65133E+00  0.36739E+01  0.79394E+00
  0.65048E+00  0.36681E+01  0.79166E+00
  0.64963E+00  0.36623E+01  0.78939E+00
  0.64878E+00  0.36565E+01  0.78713E+00
  0.64794E+00  0.36507E+01  0.78486E+00
  0.64710E+00  0.36450E+01  0.78260E+00
  0.64625E+00  0.36392E+01  0.78034E+00
  0.64540E+00  0.36334E+01  0.77809E+00
  0.64456E+00  0.36276E+01  0.77583E+00
  0.64371E+00  0.36218E+01  0.77358E+00
  0.64287E+00  0.36160E+01  0.77134E+00
  0.64202E+00  0.36103E+01  0.76909E+00
  0.64117E+00  0.36045E+01  0.76685E+00
  0.64032E+00  0.35986E+01  0.76462E+00
  0.63947E+00  0.35929E+01  0.76238E+00
  0.63862E+00  0.35871E+01  0.76015E+00
  0.63777E+00  0.35813E+01  0.75792E+00
  0.63692E+00  0.35755E+01  0.75569E+00
  0.63607E+00  0.35697E+01  0.75347E+00
  0.63522E+00  0.35640E+01  0.75125E+00
  0.63437E+00  0.35582E+01  0.74904E+00
  0.63352E+00  0.35524E+01  0.74682E+00
  0.63267E+00  0.35467E+01  0.74461E+00
  0.63182E+00  0.35409E+01  0.74240E+00
  0.63097E+00  0.35351E+01  0.74020E+00
  0.63011E+00  0.35293E+01  0.73800E+00
  0.62926E+00  0.35235E+01  0.73580E+00
  0.62841E+00  0.35178E+01  0.73360E+00
  0.62755E+00  0.35120E+01  0.73141E+00
  0.62669E+00  0.35062E+01  0.72922E+00
  0.62583E+00  0.35004E+01  0.72703E+00
  0.62497E+00  0.34945E+01  0.72485E+00
  0.62411E+00  0.34887E+01  0.72267E+00
  0.62326E+00  0.34830E+01  0.72049E+00
  0.62241E+00  0.34772E+01  0.71831E+00
  0.62155E+00  0.34715E+01  0.71614E+00
  0.62070E+00  0.34657E+01  0.71397E+00
  0.61984E+00  0.34600E+01  0.71181E+00
  0.61898E+00  0.34542E+01  0.70964E+00
  0.61813E+00  0.34484E+01  0.70748E+00
  0.61726E+00  0.34426E+01  0.70532E+00
  0.61639E+00  0.34368E+01  0.70317E+00
  0.61553E+00  0.34310E+01  0.70102E+00
  0.61467E+00  0.34252E+01  0.69887E+00
  0.61380E+00  0.34194E+01  0.69673E+00
  0.61294E+00  0.34136E+01  0.69458E+00
  0.61208E+00  0.34078E+01  0.69245E+00
  0.61122E+00  0.34021E+01  0.69031E+00
  0.61036E+00  0.33963E+01  0.68818E+00
  0.60949E+00  0.33905E+01  0.68605E+00
  0.60863E+00  0.33847E+01  0.68392E+00
  0.60777E+00  0.33790E+01  0.68180E+00
  0.60690E+00  0.33732E+01  0.67967E+00
  0.60604E+00  0.33675E+01  0.67756E+00
  0.60518E+00  0.33617E+01  0.67544E+00
  0.60431E+00  0.33559E+01  0.67333E+00
  0.60344E+00  0.33501E+01  0.67122E+00
  0.60257E+00  0.33443E+01  0.66912E+00
  0.60170E+00  0.33385E+01  0.66701E+00
  0.60083E+00  0.33327E+01  0.66491E+00
  0.59996E+00  0.33269E+01  0.66282E+00
  0.59909E+00  0.33212E+01  0.66072E+00
  0.59823E+00  0.33154E+01  0.65863E+00
  0.59736E+00  0.33096E+01  0.65654E+00
  0.59649E+00  0.33039E+01  0.65446E+00
  0.59562E+00  0.32981E+01  0.65238E+00
  0.59474E+00  0.32923E+01  0.65030E+00
  0.59386E+00  0.32865E+01  0.64822E+00
  0.59299E+00  0.32807E+01  0.64615E+00
  0.59212E+00  0.32749E+01  0.64408E+00
  0.59124E+00  0.32691E+01  0.64202E+00
  0.59037E+00  0.32633E+01  0.63995E+00
  0.58950E+00  0.32576E+01  0.63789E+00
  0.58863E+00  0.32518E+01  0.63584E+00
  0.58775E+00  0.32460E+01  0.63378E+00
  0.58687E+00  0.32402E+01  0.63173E+00
  0.58599E+00  0.32344E+01  0.62968E+00
  0.58512E+00  0.32286E+01  0.62764E+00
  0.58424E+00  0.32229E+01  0.62560E+00
  0.58336E+00  0.32171E+01  0.62356E+00
  0.58248E+00  0.32113E+01  0.62152E+00
  0.58160E+00  0.32055E+01  0.61949E+00
  0.58071E+00  0.31997E+01  0.61746E+00
  0.57983E+00  0.31939E+01  0.61543E+00
  0.57895E+00  0.31881E+01  0.61341E+00
  0.57808E+00  0.31823E+01  0.61139E+00
  0.57720E+00  0.31766E+01  0.60937E+00
  0.57632E+00  0.31708E+01  0.60736E+00
  0.57544E+00  0.31651E+01  0.60535E+00
  0.57456E+00  0.31593E+01  0.60334E+00
  0.57368E+00  0.31535E+01  0.60134E+00
  0.57279E+00  0.31477E+01  0.59933E+00
  0.57190E+00  0.31419E+01  0.59734E+00
  0.57101E+00  0.31361E+01  0.59534E+00
  0.57013E+00  0.31303E+01  0.59335E+00
  0.56924E+00  0.31245E+01  0.59136E+00
  0.56836E+00  0.31187E+01  0.58937E+00
  0.56747E+00  0.31130E+01  0.58739E+00
  0.56659E+00  0.31072E+01  0.58541E+00
  0.56569E+00  0.31014E+01  0.58343E+00
  0.56480E+00  0.30956E+01  0.58146E+00
  0.56392E+00  0.30898E+01  0.57949E+00
  0.56303E+00  0.30840E+01  0.57752E+00
  0.56214E+00  0.30782E+01  0.57556E+00
  0.56125E+00  0.30724E+01  0.57359E+00
  0.56035E+00  0.30666E+01  0.57164E+00
  0.55946E+00  0.30608E+01  0.56968E+00
