     0.112221551498657E+01     0.848236551086102E+01     0.345808266985843E+01
     0.112116110487790E+01     0.847282324275825E+01     0.345365577140997E+01
     0.112010511614674E+01     0.846326572862928E+01     0.344922714298514E+01
     0.111904750121773E+01     0.845369249872246E+01     0.344479671649530E+01
     0.111798820954150E+01     0.844410305568660E+01     0.344036442134687E+01
     0.111692718733031E+01     0.843449687211595E+01     0.343593018425131E+01
     0.111586437725705E+01     0.842487338779209E+01     0.343149392898047E+01
     0.111479971811975E+01     0.841523200659129E+01     0.342705557610905E+01
     0.111373314446320E+01     0.840557209300108E+01     0.342261504272237E+01
     0.111266458615136E+01     0.839589296818419E+01     0.341817224208663E+01
     0.111159396788254E+01     0.838619390551644E+01     0.341372708327558E+01
     0.111052120863753E+01     0.837647412550980E+01     0.340927947074603E+01
     0.110944622104945E+01     0.836673279001502E+01     0.340482930385480E+01
     0.110836891068099E+01     0.835696899557411E+01     0.340037647630525E+01
     0.110728917519191E+01     0.834718176576535E+01     0.339592087551058E+01
     0.110620690337591E+01     0.833737004234894E+01     0.339146238185931E+01
     0.110512197404101E+01     0.832753267497498E+01     0.338700086786280E+01
     0.110403425470078E+01     0.831766840915716E+01     0.338253619715944E+01
     0.110294360003670E+01     0.830777587214407E+01     0.337806822334873E+01
     0.110184985008009E+01     0.829785355621831E+01     0.337359678861371E+01
     0.110075282804882E+01     0.828789979882877E+01     0.336912172208502E+01
     0.109965233775541E+01     0.827791275879034E+01     0.336464283788468E+01
     0.109854816047792E+01     0.826789038755653E+01     0.336015993276886E+01
     0.109744005115088E+01     0.825783039425756E+01     0.335567278326268E+01
     0.109632773368653E+01     0.824773020276706E+01     0.335118114214474E+01
     0.109521089517344E+01     0.823758689846517E+01     0.334668473410772E+01
     0.109408917859867E+01     0.822739716148793E+01     0.334218325030436E+01
     0.109296217361443E+01     0.821715718204187E+01     0.333767634145546E+01
     0.109182940466278E+01     0.820686255150876E+01     0.333316360900154E+01
     0.109069031546983E+01     0.819650812030051E+01     0.332864459355870E+01
     0.108954424845928E+01     0.818608780916368E+01     0.332411875962947E+01
     0.108839041688683E+01     0.817559435381971E+01     0.331958547494046E+01
     0.108722786628195E+01     0.816501895168866E+01     0.331504398190087E+01
     0.108605541971351E+01     0.815435076049856E+01     0.331049335716400E+01
     0.108487159772131E+01     0.814357616498516E+01     0.330593245256205E+01
     0.108367449693097E+01     0.813267766539133E+01     0.330135980574313E+01
     0.108246159786116E+01     0.812163211796928E+01     0.329677349890537E+01
     0.108122944380499E+01     0.811040779575031E+01     0.329217092320273E+01
     0.107997306614590E+01     0.809895912946084E+01     0.328754835785446E+01
     0.107885650668120E+01     0.808878142519653E+01     0.328301798621619E+01
     0.107789872189225E+01     0.808004927064313E+01     0.327859452111468E+01
     0.107694043989806E+01     0.807131111657362E+01     0.327416924586884E+01
     0.107598165669064E+01     0.806256690105015E+01     0.326974213056249E+01
     0.107502236819748E+01     0.805381656148055E+01     0.326531314514079E+01
     0.107406257028001E+01     0.804506003460499E+01     0.326088225940758E+01
     0.107310225873237E+01     0.803629725648391E+01     0.325644944302525E+01
     0.107214142927976E+01     0.802752816248385E+01     0.325201466551190E+01
     0.107118007757699E+01     0.801875268726382E+01     0.324757789624016E+01
     0.107021819920688E+01     0.800997076476069E+01     0.324313910443501E+01
     0.106925578967864E+01     0.800118232817440E+01     0.323869825917211E+01
     0.106829284442607E+01     0.799238730995202E+01     0.323425532937508E+01
     0.106732935880598E+01     0.798358564177233E+01     0.322981028381432E+01
     0.106636532809624E+01     0.797477725452873E+01     0.322536309110412E+01
     0.106540074749396E+01     0.796596207831209E+01     0.322091371970032E+01
     0.106443561211355E+01     0.795714004239304E+01     0.321646213789823E+01
     0.106346991698472E+01     0.794831107520334E+01     0.321200831382981E+01
     0.106250365705034E+01     0.793947510431661E+01     0.320755221546085E+01
     0.106153682716441E+01     0.793063205642870E+01     0.320309381058864E+01
     0.106056942208917E+01     0.792178185733454E+01     0.319863306683505E+01
     0.105960143649510E+01     0.791292443191626E+01     0.319416995165860E+01
     0.105863286495502E+01     0.790405970410627E+01     0.318970443232770E+01
     0.105766370194401E+01     0.789518759687438E+01     0.318523647593380E+01
     0.105669394183630E+01     0.788630803220148E+01     0.318076604938373E+01
     0.105572357890245E+01     0.787742093105408E+01     0.317629311939546E+01
     0.105475260730672E+01     0.786852621335905E+01     0.317181765249481E+01
     0.105378102110395E+01     0.785962379797622E+01     0.316733961500947E+01
     0.105280881423731E+01     0.785071360267191E+01     0.316285897307133E+01
     0.105183598053433E+01     0.784179554408870E+01     0.315837569260383E+01
     0.105086251370408E+01     0.783286953771532E+01     0.315388973932144E+01
     0.104988840733390E+01     0.782393549785602E+01     0.314940107872469E+01
     0.104891365488584E+01     0.781499333759774E+01     0.314490967609499E+01
     0.104793824969304E+01     0.780604296877587E+01     0.314041549648866E+01
     0.104696218495610E+01     0.779708430193972E+01     0.313591850473260E+01
     0.104598545373907E+01     0.778811724631505E+01     0.313141866541732E+01
     0.104500804896551E+01     0.777914170976643E+01     0.312691594289185E+01
     0.104402996341422E+01     0.777015759875720E+01     0.312241030125711E+01
     0.104305118971481E+01     0.776116481830752E+01     0.311790170435858E+01
     0.104207172034328E+01     0.775216327195200E+01     0.311339011578079E+01
     0.104109154761709E+01     0.774315286169361E+01     0.310887549883857E+01
     0.104007785669683E+01     0.773383174724972E+01     0.310432810044810E+01
     0.103903849218118E+01     0.772427164732670E+01     0.309975459755875E+01
     0.103800094641677E+01     0.771472529928405E+01     0.309517977560566E+01
     0.103696478160463E+01     0.770518867134405E+01     0.309060323542479E+01
     0.103592965532590E+01     0.769565860392033E+01     0.308602465727468E+01
     0.103489529262893E+01     0.768613255411360E+01     0.308144377735292E+01
     0.103386146774476E+01     0.767660842837497E+01     0.307686037242866E+01
     0.103282799165670E+01     0.766708446876413E+01     0.307227424940410E+01
     0.103179470338067E+01     0.765755917318088E+01     0.306768523799071E+01
     0.103076146368623E+01     0.764803123791814E+01     0.306309318544890E+01
     0.102972815046621E+01     0.763849951531133E+01     0.305849795269989E+01
     0.102869465525198E+01     0.762896298187338E+01     0.305389941139056E+01
     0.102766088054745E+01     0.761942071389327E+01     0.304929744166727E+01
     0.102662673774718E+01     0.760987186841256E+01     0.304469193040055E+01
     0.102559214549497E+01     0.760031566819661E+01     0.304008276980707E+01
     0.102455702836534E+01     0.759075138967351E+01     0.303546985632282E+01
     0.102352131579290E+01     0.758117835313306E+01     0.303085308968517E+01
     0.102248494119090E+01     0.757159591465559E+01     0.302623237216806E+01
     0.102144784121718E+01     0.756200345938427E+01     0.302160760793920E+01
     0.102040995515486E+01     0.755240039584457E+01     0.301697870250849E+01
     0.101937122438332E+01     0.754278615108781E+01     0.301234556224809E+01
     0.101833159192115E+01     0.753316016648769E+01     0.300770809397051E+01
     0.101729100202546E+01     0.752352189405066E+01     0.300306620454778E+01
     0.101624939983545E+01     0.751387079313331E+01     0.299841980055928E+01
     0.101520673105507E+01     0.750420632749256E+01     0.299376878798636E+01
     0.101416294165674E+01     0.749452796256548E+01     0.298911307188133E+01
     0.101311797761470E+01     0.748483516296937E+01     0.298445255610079E+01
     0.101207178464919E+01     0.747512739012805E+01     0.297978714301090E+01
     0.101102430798415E+01     0.746540410000732E+01     0.297511673320794E+01
     0.100997549211240E+01     0.745566474091508E+01     0.297044122523630E+01
     0.100892528056523E+01     0.744590875133521E+01     0.296576051530304E+01
     0.100787361568268E+01     0.743613555776361E+01     0.296107449698326E+01
     0.100667543669809E+01     0.742499595034660E+01     0.295622081083617E+01
     0.100552492014484E+01     0.741429442818390E+01     0.295141540909884E+01
     0.100439339568600E+01     0.740376483498912E+01     0.294662667517520E+01
     0.100327162223598E+01     0.739332138138833E+01     0.294184440114870E+01
     0.100215563219657E+01     0.738292723134350E+01     0.293706419239764E+01
     0.100104326089442E+01     0.737256227733339E+01     0.293228363489893E+01
     0.999933154376408E+00     0.736221393032838E+01     0.292750120169336E+01
     0.998824384312662E+00     0.735187354614463E+01     0.292271582920362E+01
     0.997716269403564E+00     0.734153476852214E+01     0.291792672103262E+01
     0.996608282009626E+00     0.733119266305422E+01     0.291313324546717E+01
     0.995499994870919E+00     0.732084322301181E+01     0.290833487702374E+01
     0.994391048549975E+00     0.731048306740320E+01     0.290353116066366E+01
     0.993281130398705E+00     0.730010924587164E+01     0.289872168861304E+01
     0.992169960296437E+00     0.728971910635102E+01     0.289390608455028E+01
     0.991057280544233E+00     0.727931020122311E+01     0.288908399229059E+01
     0.989942848395687E+00     0.726888021787493E+01     0.288425506730109E+01
     0.988826430295542E+00     0.725842692504569E+01     0.287941897001807E+01
     0.987707797235447E+00     0.724794812947677E+01     0.287457536031662E+01
     0.986586720831737E+00     0.723744163919793E+01     0.286972389268721E+01
     0.985462969849944E+00     0.722690523088474E+01     0.286486421181065E+01
     0.984336306968967E+00     0.721633661936889E+01     0.285999594827432E+01
     0.983206485626412E+00     0.720573342779947E+01     0.285511871425893E+01
     0.982073246802163E+00     0.719509315713018E+01     0.285023209899462E+01
     0.980936315610548E+00     0.718441315370188E+01     0.284533566382008E+01
     0.979795397566980E+00     0.717369057364970E+01     0.284042893665660E+01
     0.978650174380515E+00     0.716292234272421E+01     0.283551140567954E+01
     0.977500299098364E+00     0.715210510986788E+01     0.283058251192840E+01
     0.976345390388427E+00     0.714123519250093E+01     0.282564164053381E+01
     0.975185025685822E+00     0.713030851090012E+01     0.282068811013998E+01
     0.974018732844094E+00     0.711932050823608E+01     0.281572115996782E+01
     0.972845979809272E+00     0.710826605165531E+01     0.281073993377678E+01
     0.971666161654306E+00     0.709713930807460E+01     0.280574345969667E+01
     0.970478584051490E+00     0.708593358582726E+01     0.280073062452566E+01
     0.969282441844156E+00     0.707464112944342E+01     0.279570014035408E+01
     0.968076790795662E+00     0.706325284904346E+01     0.279065050063950E+01
     0.966860509585808E+00     0.705175795644180E+01     0.278557992110507E+01
     0.965632247570316E+00     0.704014346499997E+01     0.278048625858100E+01
     0.964390351137981E+00     0.702839348472935E+01     0.277536689669886E+01
     0.963132756820305E+00     0.701648819938672E+01     0.277021858014562E+01
     0.961856830691346E+00     0.700440232993785E+01     0.276503716590780E+01
     0.960559116808724E+00     0.699210272836374E+01     0.275981723405556E+01
     0.959234922448468E+00     0.697954441131415E+01     0.275455144678269E+01
     0.957877588331294E+00     0.696666358315214E+01     0.274922942194423E+01
     0.956477090283979E+00     0.695336427051700E+01     0.274383557729405E+01
     0.955017024869091E+00     0.693948951816952E+01     0.273834448907527E+01
     0.953466863488079E+00     0.692474739169089E+01     0.273270898056205E+01
     0.952116804886226E+00     0.691189868023689E+01     0.272736252606610E+01
     0.951190256945753E+00     0.690307650872807E+01     0.272264648221976E+01
     0.950263373727883E+00     0.689424825820639E+01     0.271792704629190E+01
     0.949336146316496E+00     0.688541384016031E+01     0.271320420002422E+01
     0.948408565810742E+00     0.687657316633345E+01     0.270847792522892E+01
     0.947480623311095E+00     0.686772614859342E+01     0.270374820377018E+01
     0.946552309905661E+00     0.685887269880400E+01     0.269901501754445E+01
     0.945623616657129E+00     0.685001272870177E+01     0.269427834846261E+01
     0.944694534589793E+00     0.684114614977459E+01     0.268953817843051E+01
     0.943765054677088E+00     0.683227287314324E+01     0.268479448933120E+01
     0.942835167829095E+00     0.682339280944376E+01     0.268004726300565E+01
     0.941904864880378E+00     0.681450586871163E+01     0.267529648123457E+01
     0.940974136577504E+00     0.680561196026455E+01     0.267054212571741E+01
     0.940042973567183E+00     0.679671099258811E+01     0.266578417805496E+01
     0.939111366383736E+00     0.678780287321771E+01     0.266102261972729E+01
     0.938179305437007E+00     0.677888750862204E+01     0.265625743207472E+01
     0.937246780999668E+00     0.676996480408275E+01     0.265148859627499E+01
     0.936313783194807E+00     0.676103466357424E+01     0.264671609332299E+01
     0.935380301982741E+00     0.675209698963847E+01     0.264193990400603E+01
     0.934446327148140E+00     0.674315168325951E+01     0.263716000888230E+01
     0.933511848286182E+00     0.673419864373160E+01     0.263237638825424E+01
     0.932576854788845E+00     0.672523776852564E+01     0.262758902214425E+01
     0.931641335830297E+00     0.671626895314905E+01     0.262279789026646E+01
     0.930705280352245E+00     0.670729209100248E+01     0.261800297200011E+01
     0.929768677048177E+00     0.669830707322840E+01     0.261320424635820E+01
     0.928831514347352E+00     0.668931378855500E+01     0.260840169195692E+01
     0.927893780397967E+00     0.668031212313245E+01     0.260359528698285E+01
     0.926955463049491E+00     0.667130196036117E+01     0.259878500915783E+01
     0.926016549834250E+00     0.666228318071203E+01     0.259397083570258E+01
     0.925077027947887E+00     0.665325566153625E+01     0.258915274329700E+01
     0.924136884229071E+00     0.664421927686647E+01     0.258433070803982E+01
     0.923196105137743E+00     0.663517389720491E+01     0.257950470540366E+01
     0.922254676732358E+00     0.662611938930044E+01     0.257467471018866E+01
     0.921312584645798E+00     0.661705561591239E+01     0.256984069647324E+01
     0.920369814059586E+00     0.660798243555854E+01     0.256500263756014E+01
     0.919426349676773E+00     0.659889970224873E+01     0.256016050592066E+01
     0.918482175692835E+00     0.658980726519974E+01     0.255531427313347E+01
     0.917537275764811E+00     0.658070496853208E+01     0.255046390982023E+01
     0.916591632978243E+00     0.657159265094542E+01     0.254560938557598E+01
     0.915645229811779E+00     0.656247014537109E+01     0.254075066889417E+01
     0.914698048099397E+00     0.655333727860041E+01     0.253588772708709E+01
     0.913750068989740E+00     0.654419387088500E+01     0.253102052619942E+01
     0.912801272902541E+00     0.653503973550773E+01     0.252614903091593E+01
     0.911851639481525E+00     0.652587467831978E+01     0.252127320446066E+01
     0.910901147543708E+00     0.651669849724172E+01     0.251639300848856E+01
     0.909949775024803E+00     0.650751098172544E+01     0.251150840296919E+01
     0.908997498919896E+00     0.649831191217059E+01     0.250661934605912E+01
     0.908044295219450E+00     0.648910105929359E+01     0.250172579396511E+01
     0.907090138839611E+00     0.647987818344150E+01     0.249682770079407E+01
     0.906135003546508E+00     0.647064303384628E+01     0.249192501839008E+01
     0.905178861873825E+00     0.646139534781257E+01     0.248701769615687E+01
     0.904221685032997E+00     0.645213484983199E+01     0.248210568086491E+01
     0.903263442814687E+00     0.644286125061308E+01     0.247718891643796E+01
     0.902304103481287E+00     0.643357424602073E+01     0.247226734372195E+01
     0.901343633648440E+00     0.642427351590960E+01     0.246734090022786E+01
     0.900381998155311E+00     0.641495872284387E+01     0.246240951985261E+01
     0.899419159921071E+00     0.640562951068345E+01     0.245747313256782E+01
     0.898455079786730E+00     0.639628550302400E+01     0.245253166407840E+01
     0.897489716339628E+00     0.638692630146755E+01     0.244758503544184E+01
     0.896523025719031E+00     0.637755148370504E+01     0.244263316264839E+01
     0.895554961399477E+00     0.636816060138085E+01     0.243767595615165E+01
     0.894585473948930E+00     0.635875317770940E+01     0.243271332034412E+01
     0.893614510758655E+00     0.634932870481088E+01     0.242774515297364E+01
     0.892642015739581E+00     0.633988664071870E+01     0.242277134448521E+01
     0.891667928979357E+00     0.633042640600481E+01     0.241779177727222E+01
     0.890692186360403E+00     0.632094737999683E+01     0.241280632486821E+01
     0.889714719117105E+00     0.631144889643850E+01     0.240781485096182E+01
     0.888735453341795E+00     0.630193023860500E+01     0.240281720834379E+01
     0.887754309415778E+00     0.629239063369993E+01     0.239781323767033E+01
     0.886771201357832E+00     0.628282924643638E+01     0.239280276605168E+01
     0.885786036074216E+00     0.627324517164717E+01     0.238778560542824E+01
     0.884798712493456E+00     0.626363742575017E+01     0.238276155070895E+01
     0.883809120551918E+00     0.625400493678064E+01     0.237773037754766E+01
     0.882817140021078E+00     0.624434653281344E+01     0.237269183983358E+01
     0.881822639119527E+00     0.623466092830448E+01     0.236764566667490E+01
     0.880825472875900E+00     0.622494670796499E+01     0.236259155886118E+01
     0.879825481178699E+00     0.621520230756211E+01     0.235752918464116E+01
     0.878822486442657E+00     0.620542599093008E+01     0.235245817468948E+01
     0.877816290784664E+00     0.619561582217857E+01     0.234737811599003E+01
     0.876806672588911E+00     0.618576963187449E+01     0.234228854441987E+01
     0.875793382284370E+00     0.617588497547913E+01     0.233718893562908E+01
     0.874776137101870E+00     0.616595908175427E+01     0.233207869371282E+01
     0.873754614500512E+00     0.615598878805399E+01     0.232695713704352E+01
     0.872728443802322E+00     0.614597045805164E+01     0.232182348017770E+01
     0.871697195439267E+00     0.613589987591287E+01     0.231667681070107E+01
     0.870660366877894E+00     0.612577210785868E+01     0.231151605885222E+01
     0.869617363904933E+00     0.611558131809152E+01     0.230633995718724E+01
     0.868567475241013E+00     0.610532051913913E+01     0.230114698587412E+01
     0.867509837325237E+00     0.609498122557916E+01     0.229593529683824E+01
     0.866443384172114E+00     0.608455296104994E+01     0.229070260579107E+01
     0.865366773751259E+00     0.607402253453552E+01     0.228544603377488E+01
     0.864278275861527E+00     0.606337293828761E+01     0.228016186592040E+01
     0.863175593584881E+00     0.605258159314790E+01     0.227484516746637E+01
     0.862055562763242E+00     0.604161739556482E+01     0.226948913771881E+01
     0.860913608924579E+00     0.603043538203493E+01     0.226408394312031E+01
     0.859742668302149E+00     0.601896613002568E+01     0.225861439977596E+01
     0.858530736923534E+00     0.600709168577317E+01     0.225305471176963E+01
     0.857254019487574E+00     0.599457828524324E+01     0.224735377003156E+01
     0.855848748047915E+00     0.598079965834911E+01     0.224137471315005E+01
     0.854390917191721E+00     0.596649930716227E+01     0.223527796981534E+01
     0.853507329874991E+00     0.595782965528872E+01     0.223040577753737E+01
     0.852623569863536E+00     0.594915728473595E+01     0.222553219089701E+01
     0.851739635176700E+00     0.594048220105897E+01     0.222065723003898E+01
     0.850855523766551E+00     0.593180440939200E+01     0.221578091517836E+01
     0.849971233513600E+00     0.592312391440258E+01     0.221090326659430E+01
     0.849086762222254E+00     0.591444072024216E+01     0.220602430462384E+01
     0.848202107613207E+00     0.590575483047675E+01     0.220114404963725E+01
     0.847317267317218E+00     0.589706624802314E+01     0.219626252202574E+01
     0.846432238870227E+00     0.588837497509009E+01     0.219137974220126E+01
     0.845547019699465E+00     0.587968101306395E+01     0.218649573053813E+01
     0.844661607119504E+00     0.587098436244875E+01     0.218161050738684E+01
     0.843775998319624E+00     0.586228502275137E+01     0.217672409303258E+01
     0.842890190354947E+00     0.585358299238452E+01     0.217183650768496E+01
     0.842004180129016E+00     0.584487826851423E+01     0.216694777141463E+01
     0.841117964385832E+00     0.583617084695695E+01     0.216205790416159E+01
     0.840231539690625E+00     0.582746072200387E+01     0.215716692567376E+01
     0.839344902412318E+00     0.581874788624739E+01     0.215227485546592E+01
     0.838458048705619E+00     0.581003233039644E+01     0.214738171278621E+01
     0.837571184855672E+00     0.580131611066747E+01     0.214248798410364E+01
     0.836689318007161E+00     0.579264848185780E+01     0.213760483955963E+01
     0.835807288925845E+00     0.578397877750593E+01     0.213272085281387E+01
     0.834925095603879E+00     0.577530700708397E+01     0.212783604802976E+01
     0.834042735958996E+00     0.576663317955332E+01     0.212295044941026E+01
     0.833160207830233E+00     0.575795730332085E+01     0.211806408118832E+01
     0.832277508972701E+00     0.574927938618834E+01     0.211317696761222E+01
     0.831394637052545E+00     0.574059943530127E+01     0.210828913293383E+01
     0.830511589640765E+00     0.573191745708963E+01     0.210340060139091E+01
     0.829628364208936E+00     0.572323345721752E+01     0.209851139720448E+01
     0.828744958119082E+00     0.571454744049766E+01     0.209362154453795E+01
     0.827861368619950E+00     0.570585941083990E+01     0.208873106750308E+01
     0.826977592837624E+00     0.569716937116520E+01     0.208383999012926E+01
     0.826093627767297E+00     0.568847732332346E+01     0.207894833634398E+01
     0.825209470264300E+00     0.567978326800411E+01     0.207405612995128E+01
     0.824325117033475E+00     0.567108720463370E+01     0.206916339460243E+01
     0.823440564620495E+00     0.566238913128224E+01     0.206427015378404E+01
     0.822555809397262E+00     0.565368904452934E+01     0.205937643076985E+01
     0.821670847550440E+00     0.564498693934585E+01     0.205448224859913E+01
     0.820785675067106E+00     0.563628280895294E+01     0.204958763004060E+01
     0.819900287720005E+00     0.562757664467392E+01     0.204469259756002E+01
     0.819014681047542E+00     0.561886843574815E+01     0.203979717325859E+01
     0.818128850339339E+00     0.561015816917231E+01     0.203490137885716E+01
     0.817242790611370E+00     0.560144582947109E+01     0.203000523561803E+01
     0.816356496585482E+00     0.559273139848596E+01     0.202510876430655E+01
     0.815469962662736E+00     0.558401485511739E+01     0.202021198512187E+01
     0.814583182894697E+00     0.557529617504359E+01     0.201531491762642E+01
     0.813696150952246E+00     0.556657533041207E+01     0.201041758067303E+01
     0.812808860089964E+00     0.555785228949025E+01     0.200551999231864E+01
     0.811921303105923E+00     0.554912701627218E+01     0.200062216972586E+01
     0.811033472296967E+00     0.554039947003917E+01     0.199572412905588E+01
     0.810145359408172E+00     0.553166960486357E+01     0.199082588534750E+01
     0.809256955574820E+00     0.552293736904211E+01     0.198592745237467E+01
     0.808368251257819E+00     0.551420270446004E+01     0.198102884249465E+01
     0.807479236169191E+00     0.550546554586085E+01     0.197613006646884E+01
     0.806589899184619E+00     0.549672581999665E+01     0.197123113324405E+01
     0.805700228248747E+00     0.548798344468692E+01     0.196633204974124E+01
     0.804810210259065E+00     0.547923832768961E+01     0.196143282056650E+01
     0.803919830932081E+00     0.547049036539624E+01     0.195653344768317E+01
     0.803029074651778E+00     0.546173944133683E+01     0.195163393006129E+01
     0.802137924287172E+00     0.545298542439645E+01     0.194673426323652E+01
     0.801246360976897E+00     0.544422816670856E+01     0.194183443879061E+01
     0.800354363872892E+00     0.543546750114803E+01     0.193693444373376E+01
     0.799461909835865E+00     0.542670323834306E+01     0.193203425978260E+01
     0.798568973063677E+00     0.541793516304237E+01     0.192713386246322E+01
     0.797675524640697E+00     0.540916302970234E+01     0.192223322003235E+01
     0.796781531982597E+00     0.540038655705409E+01     0.191733229214417E+01
     0.795886958148041E+00     0.539160542136313E+01     0.191243102820309E+01
     0.794991760971275E+00     0.538281924794475E+01     0.190752936527666E+01
     0.794095891962504E+00     0.537402760039476E+01     0.190262722546526E+01
     0.793199294885986E+00     0.536522996667667E+01     0.189772451248530E+01
     0.792301903898343E+00     0.535642574090165E+01     0.189282110719974E+01
     0.791403641068089E+00     0.534761419904577E+01     0.188791686167006E+01
     0.790515976536361E+00     0.533890788529799E+01     0.188303917653064E+01
     0.789636863809240E+00     0.533028677508282E+01     0.187818321642404E+01
     0.788757711833577E+00     0.532166664467433E+01     0.187332852723887E+01
     0.787878521645434E+00     0.531304754240954E+01     0.186847514949967E+01
     0.786999294302515E+00     0.530442951695687E+01     0.186362312390370E+01
     0.786120030885184E+00     0.529581261732046E+01     0.185877249132347E+01
     0.785240732496890E+00     0.528719689284201E+01     0.185392329280525E+01
     0.784361400264750E+00     0.527858239320346E+01     0.184907556956863E+01
     0.783482035339940E+00     0.526996916842862E+01     0.184422936300469E+01
     0.782602638898278E+00     0.526135726888596E+01     0.183938471467535E+01
     0.781723212140615E+00     0.525274674529024E+01     0.183454166631130E+01
     0.780843756293541E+00     0.524413764870606E+01     0.182970025981210E+01
     0.779964272609817E+00     0.523553003054984E+01     0.182486053724420E+01
     0.779084762368994E+00     0.522692394259283E+01     0.182002254084014E+01
     0.778205226877918E+00     0.521831943696365E+01     0.181518631299694E+01
     0.777325667471485E+00     0.520971656615213E+01     0.181035189627604E+01
     0.776446085513029E+00     0.520111538301124E+01     0.180551933340068E+01
     0.775566482395207E+00     0.519251594076177E+01     0.180068866725644E+01
     0.774686859540430E+00     0.518391829299452E+01     0.179585994088872E+01
     0.773807218401779E+00     0.517532249367530E+01     0.179103319750327E+01
     0.772927560463491E+00     0.516672859714758E+01     0.178620848046379E+01
     0.772047887241729E+00     0.515813665813666E+01     0.178138583329123E+01
     0.771168200285438E+00     0.514954673175454E+01     0.177656529966363E+01
     0.770288501176986E+00     0.514095887350350E+01     0.177174692341426E+01
     0.769408791533028E+00     0.513237313928113E+01     0.176693074853126E+01
     0.768529073005251E+00     0.512378958538465E+01     0.176211681915625E+01
     0.767649347281336E+00     0.511520826851654E+01     0.175730517958422E+01
     0.766769616085740E+00     0.510662924578926E+01     0.175249587426217E+01
     0.765889881180601E+00     0.509805257473074E+01     0.174768894778831E+01
     0.765010144366670E+00     0.508947831329007E+01     0.174288444491130E+01
     0.764130407484443E+00     0.508090651984439E+01     0.173808241053069E+01
     0.763250672414858E+00     0.507233725320352E+01     0.173328288969426E+01
     0.762370941080570E+00     0.506377057261780E+01     0.172848592759899E+01
     0.761491215447002E+00     0.505520653778485E+01     0.172369156959041E+01
     0.760611497523298E+00     0.504664520885592E+01     0.171889986116105E+01
     0.759731789363646E+00     0.503808664644435E+01     0.171411084795115E+01
     0.758852093068458E+00     0.502953091163335E+01     0.170932457574823E+01
     0.757972410785445E+00     0.502097806598344E+01     0.170454109048567E+01
     0.757092744711132E+00     0.501242817154230E+01     0.169976043824405E+01
     0.756213097092008E+00     0.500388129085291E+01     0.169498266524980E+01
     0.755333470226021E+00     0.499533748696361E+01     0.169020781787582E+01
     0.754453866463967E+00     0.498679682343787E+01     0.168543594264120E+01
     0.753574288211020E+00     0.497825936436487E+01     0.168066708621158E+01
     0.752694737928277E+00     0.496972517437046E+01     0.167590129539926E+01
     0.751815218134337E+00     0.496119431862847E+01     0.167113861716328E+01
     0.750935731407282E+00     0.495266686287308E+01     0.166637909861265E+01
     0.750056280385571E+00     0.494414287341201E+01     0.166162278699791E+01
     0.749176867771029E+00     0.493562241713855E+01     0.165686972972436E+01
     0.748297496330046E+00     0.492710556154672E+01     0.165211997434502E+01
     0.747418168895646E+00     0.491859237474517E+01     0.164737356856287E+01
     0.746538888369786E+00     0.491008292547394E+01     0.164263056023351E+01
     0.745659657725244E+00     0.490157728311915E+01     0.163789099736451E+01
     0.744780480008088E+00     0.489307551773130E+01     0.163315492811833E+01
     0.743901358339972E+00     0.488457770004287E+01     0.162842240081338E+01
     0.743022295920629E+00     0.487608390148743E+01     0.162369346392607E+01
     0.742143296030453E+00     0.486759419421954E+01     0.161896816609275E+01
     0.741264362033176E+00     0.485910865113568E+01     0.161424655611178E+01
     0.740385497378815E+00     0.485062734589698E+01     0.160952868294670E+01
     0.739506705606535E+00     0.484215035295202E+01     0.160481459572827E+01
     0.738627990347892E+00     0.483367774756220E+01     0.160010434375819E+01
     0.737749355330109E+00     0.482520960582781E+01     0.159539797651252E+01
     0.736870804379377E+00     0.481674600471478E+01     0.159069554364422E+01
     0.735992341424751E+00     0.480828702208532E+01     0.158599709498896E+01
     0.735113970501716E+00     0.479983273672740E+01     0.158130268056783E+01
     0.734235695756421E+00     0.479138322838855E+01     0.157661235059344E+01
     0.733357521449820E+00     0.478293857780994E+01     0.157192615547441E+01
     0.732479451962167E+00     0.477449886676315E+01     0.156724414582124E+01
     0.731601491797793E+00     0.476606417808940E+01     0.156256637245264E+01
     0.730723645590065E+00     0.475763459574063E+01     0.155789288640202E+01
     0.729845918106654E+00     0.474921020482334E+01     0.155322373892458E+01
     0.728968314255247E+00     0.474079109164589E+01     0.154855898150594E+01
     0.728090839089350E+00     0.473237734376749E+01     0.154389866586974E+01
     0.727213497814726E+00     0.472396905005187E+01     0.153924284398787E+01
     0.726336295795956E+00     0.471556630072308E+01     0.153459156808969E+01
     0.725459238563625E+00     0.470716918742607E+01     0.152994489067335E+01
     0.724582331821990E+00     0.469877780329158E+01     0.152530286451826E+01
     0.723705581456786E+00     0.469039224300353E+01     0.152066554269624E+01
     0.722828993544131E+00     0.468201260287428E+01     0.151603297858736E+01
     0.721952574359557E+00     0.467363898092263E+01     0.151140522589396E+01
     0.721076330387910E+00     0.466527147695892E+01     0.150678233865754E+01
     0.720200268333814E+00     0.465691019267557E+01     0.150216437127614E+01
     0.719324395133147E+00     0.464855523174591E+01     0.149755137852487E+01
     0.718448717964973E+00     0.464020669992849E+01     0.149294341557584E+01
     0.717573244264680E+00     0.463186470518120E+01     0.148834053802165E+01
     0.716697981738155E+00     0.462352935778462E+01     0.148374280190128E+01
     0.715822938376840E+00     0.461520077047430E+01     0.147915026372677E+01
     0.714948122474137E+00     0.460687905858458E+01     0.147456298051318E+01
     0.714073542643259E+00     0.459856434020535E+01     0.146998100981202E+01
     0.713199207836467E+00     0.459025673635169E+01     0.146540440974699E+01
     0.712325127366061E+00     0.458195637114910E+01     0.146083323905372E+01
     0.711451310927116E+00     0.457366337203504E+01     0.145626755712274E+01
     0.710577768622511E+00     0.456537786998043E+01     0.145170742404808E+01
     0.709704510990025E+00     0.455709999973090E+01     0.144715290067907E+01
     0.708831549032367E+00     0.454882990007353E+01     0.144260404867966E+01
     0.707958894249928E+00     0.454056771412920E+01     0.143806093059258E+01
     0.707086558677006E+00     0.453231358967595E+01     0.143352360991121E+01
     0.706214554921772E+00     0.452406767950667E+01     0.142899215115936E+01
     0.705342896210578E+00     0.451583014182605E+01     0.142446661998022E+01
     0.704471596437220E+00     0.450760114069268E+01     0.141994708323603E+01
     0.703600670217994E+00     0.449938084651344E+01     0.141543360912061E+01
     0.702730132952996E+00     0.449116943659571E+01     0.141092626728399E+01
     0.701860000895230E+00     0.448296709577009E+01     0.140642512897491E+01
     0.700990291228663E+00     0.447477401709391E+01     0.140193026720300E+01
     0.700121022156177E+00     0.446659040264673E+01     0.139744175692072E+01
     0.699252213000034E+00     0.445841646443847E+01     0.139295967523388E+01
     0.698383884316498E+00     0.445025242544751E+01     0.138848410164212E+01
     0.697516058027671E+00     0.444209852081552E+01     0.138401511831719E+01
     0.696648757573601E+00     0.443395499922842E+01     0.137955281042451E+01
     0.695782008089467E+00     0.442582212452533E+01     0.137509726650055E+01
     0.694915836612731E+00     0.441770017758247E+01     0.137064857889486E+01
     0.694050272327384E+00     0.440958945853661E+01     0.136620684429318E+01
     0.693185346854508E+00     0.440149028943145E+01     0.136177216434306E+01
     0.692321094600439E+00     0.439340301739276E+01     0.135734464640491E+01
     0.691457553178477E+00     0.438532801847725E+01     0.135292440446516E+01
     0.690594763925359E+00     0.437726570238988E+01     0.134851156025856E+01
     0.689732772541516E+00     0.436921651833676E+01     0.134410624466393E+01
     0.688871629895867E+00     0.436118096238834E+01     0.133970859946331E+01
     0.688011393054086E+00     0.435315958689402E+01     0.133531877959725E+01
     0.687152126616291E+00     0.434515301274000E+01     0.133093695610585E+01
     0.686293904495882E+00     0.433716194566043E+01     0.132656332005244E+01
     0.685436812345044E+00     0.432918719849561E+01     0.132219808788683E+01
     0.684580950965203E+00     0.432122972251085E+01     0.131784150900765E+01
     0.683726441284909E+00     0.431329065314141E+01     0.131349387682914E+01
     0.682873431974820E+00     0.430537138002077E+01     0.130915554575467E+01
     0.682022111827721E+00     0.429747366090775E+01     0.130482695884112E+01
     0.681172731614090E+00     0.428959982294999E+01     0.130050869676181E+01
     0.680325647535229E+00     0.428175316311204E+01     0.129620157540004E+01
     0.679481425762918E+00     0.427393891221510E+01     0.129190688123501E+01
     0.678641212690008E+00     0.426616765189322E+01     0.128762720735297E+01
     0.677808689549087E+00     0.425847335752579E+01     0.128337087054282E+01
     0.676977979532462E+00     0.425080166445267E+01     0.127912449109111E+01
     0.676146644092565E+00     0.424313006845001E+01     0.127488256614450E+01
     0.675314675361481E+00     0.423545853704973E+01     0.127064511584208E+01
     0.674482065245567E+00     0.422778703590396E+01     0.126641215995886E+01
     0.673648805414839E+00     0.422011552869491E+01     0.126218371788827E+01
     0.672814887291353E+00     0.421244397703718E+01     0.125795980862171E+01
     0.671980302037073E+00     0.420477234037491E+01     0.125374045072826E+01
     0.671145040540741E+00     0.419710057587119E+01     0.124952566233194E+01
     0.670309093403964E+00     0.418942863829047E+01     0.124531546108803E+01
     0.669472450926290E+00     0.418175647987263E+01     0.124110986415758E+01
     0.668635103089285E+00     0.417408405019832E+01     0.123690888818036E+01
     0.667797039539344E+00     0.416641129604411E+01     0.123271254924511E+01
     0.666958249569485E+00     0.415873816122826E+01     0.122852086285911E+01
     0.666118722099482E+00     0.415106458644341E+01     0.122433384391345E+01
     0.665278445654815E+00     0.414339050907833E+01     0.122015150664774E+01
     0.664437408343850E+00     0.413571586302513E+01     0.121597386461100E+01
     0.663595597833004E+00     0.412804057847015E+01     0.121180093061813E+01
     0.662753001320536E+00     0.412036458167132E+01     0.120763271670657E+01
     0.661909605507530E+00     0.411268779471388E+01     0.120346923408514E+01
     0.661065396567032E+00     0.410501013524869E+01     0.119931049308207E+01
     0.660220360110106E+00     0.409733151620601E+01     0.119515650308559E+01
     0.659374481149400E+00     0.408965184548673E+01     0.119100727248201E+01
     0.658527744059194E+00     0.408197102562494E+01     0.118686280858619E+01
     0.657680132532025E+00     0.407428895342072E+01     0.118272311756682E+01
     0.656831629532143E+00     0.406660551954238E+01     0.117858820436978E+01
     0.655982217242139E+00     0.405892060808218E+01     0.117445807261807E+01
     0.655131877007416E+00     0.405123409608030E+01     0.117033272452131E+01
     0.654280589273412E+00     0.404354585299529E+01     0.116621216076421E+01
     0.653428333517250E+00     0.403585574012450E+01     0.116209638038822E+01
     0.652575088173551E+00     0.402816360996908E+01     0.115798538066825E+01
     0.651720830547653E+00     0.402046930551371E+01     0.115387915694529E+01
     0.650865536727164E+00     0.401277265945858E+01     0.114977770248974E+01
     0.650009181476988E+00     0.400507349334003E+01     0.114568100830568E+01
     0.649151738126952E+00     0.399737161656915E+01     0.114158906294130E+01
     0.648293178443172E+00     0.398966682534581E+01     0.113750185225602E+01
     0.647433472486610E+00     0.398195890145311E+01     0.113341935917530E+01
     0.646572588452971E+00     0.397424761089822E+01     0.112934156340634E+01
     0.645710492492997E+00     0.396653270238431E+01     0.112526844112047E+01
     0.644847148509955E+00     0.395881390558548E+01     0.112119996459675E+01
     0.643982517928419E+00     0.395109092918433E+01     0.111713610180643E+01
     0.643116559433272E+00     0.394336345864708E+01     0.111307681595198E+01
     0.642249228670138E+00     0.393563115367515E+01     0.110902206493013E+01
     0.641380477903534E+00     0.392789364528917E+01     0.110497180072505E+01
     0.640510255620690E+00     0.392015053245911E+01     0.110092596869285E+01
     0.639638506077766E+00     0.391240137822177E+01     0.109688450676049E+01
     0.638765168763187E+00     0.390464570512879E+01     0.109284734443721E+01
     0.637890177781654E+00     0.389688298996783E+01     0.108881440172665E+01
     0.637013461121734E+00     0.388911265752088E+01     0.108478558779526E+01
     0.636134939792069E+00     0.388133407318757E+01     0.108076079941053E+01
     0.635254526791032E+00     0.387354653418944E+01     0.107673991906768E+01
     0.634372125874790E+00     0.386574925903077E+01     0.107272281276245E+01
     0.633487630061891E+00     0.385794137472716E+01     0.106870932725696E+01
     0.632600919814754E+00     0.385012190124601E+01     0.106469928676879E+01
     0.631711860798414E+00     0.384228973233639E+01     0.106069248886942E+01
     0.630832416788259E+00     0.383455018459132E+01     0.105671313508243E+01
     0.630003434604048E+00     0.382726208680544E+01     0.105284313040789E+01
     0.629174018532642E+00     0.381997741295722E+01     0.104897948936586E+01
     0.628344165963237E+00     0.381269616948837E+01     0.104512223456363E+01
     0.627513874258948E+00     0.380541836256941E+01     0.104127138849574E+01
     0.626683140756337E+00     0.379814399809580E+01     0.103742697354282E+01
     0.625851962764943E+00     0.379087308168408E+01     0.103358901197064E+01
     0.625020337566830E+00     0.378360561866807E+01     0.102975752592915E+01
     0.624188262416126E+00     0.377634161409503E+01     0.102593253745168E+01
     0.623355734538439E+00     0.376908107272112E+01     0.102211406845342E+01
     0.622522751130467E+00     0.376182399900797E+01     0.101830214073119E+01
     0.621689309359374E+00     0.375457039711785E+01     0.101449677596177E+01
     0.620855406362279E+00     0.374732027090957E+01     0.101069799570115E+01
     0.620021039245768E+00     0.374007362393440E+01     0.100690582138385E+01
     0.619186205085198E+00     0.373283045943091E+01     0.100312027432124E+01
     0.618350900924308E+00     0.372559078032140E+01     0.999341375701549E+00
     0.617515123774357E+00     0.371835458920584E+01     0.995569146587468E+00
     0.616678870613857E+00     0.371112188835891E+01     0.991803607917044E+00
     0.615842138387553E+00     0.370389267972305E+01     0.988044780500511E+00
     0.615004924006124E+00     0.369666696490534E+01     0.984292685021231E+00
     0.614167224345272E+00     0.368944474517106E+01     0.980547342033316E+00
     0.613329036245171E+00     0.368222602143916E+01     0.976808771961386E+00
     0.612490356509778E+00     0.367501079427702E+01     0.973076995099599E+00
     0.611651181905989E+00     0.366779906389433E+01     0.969352031609993E+00
     0.610811509162994E+00     0.366059083013799E+01     0.965633901522014E+00
     0.609971334971463E+00     0.365338609248611E+01     0.961922624731211E+00
     0.609130655982852E+00     0.364618485004262E+01     0.958218220998738E+00
     0.608289468808412E+00     0.363898710153032E+01     0.954520709949325E+00
     0.607447770018614E+00     0.363179284528594E+01     0.950830111071649E+00
     0.606605556142033E+00     0.362460207925261E+01     0.947146443715926E+00
     0.605762823664621E+00     0.361741480097405E+01     0.943469727093666E+00
     0.604919569028746E+00     0.361023100758765E+01     0.939799980276398E+00
     0.604075788632217E+00     0.360305069581746E+01     0.936137222194388E+00
     0.603231478827443E+00     0.359587386196776E+01     0.932481471636249E+00
     0.602386635920281E+00     0.358870050191501E+01     0.928832747247055E+00
     0.601541256169124E+00     0.358153061110105E+01     0.925191067527848E+00
     0.600695335783773E+00     0.357436418452503E+01     0.921556450834206E+00
     0.599848870924384E+00     0.356720121673582E+01     0.917928915375345E+00
     0.599001857700277E+00     0.356004170182353E+01     0.914308479212663E+00
     0.598154292168924E+00     0.355288563341198E+01     0.910695160259463E+00
     0.597306170334514E+00     0.354573300464895E+01     0.907088976278515E+00
     0.596457488146884E+00     0.353858380819820E+01     0.903489944881885E+00
     0.595608241500255E+00     0.353143803623040E+01     0.899898083529833E+00
     0.594758426231704E+00     0.352429568041282E+01     0.896313409528547E+00
     0.593908038120072E+00     0.351715673190096E+01     0.892735940030451E+00
     0.593057072884313E+00     0.351002118132743E+01     0.889165692031710E+00
     0.592205526182115E+00     0.350288901879203E+01     0.885602682371470E+00
     0.591353393608491E+00     0.349576023385167E+01     0.882046927731143E+00
     0.590500670694004E+00     0.348863481550833E+01     0.878498444632052E+00
     0.589647352903283E+00     0.348151275219839E+01     0.874957249434839E+00
     0.588793435633352E+00     0.347439403178095E+01     0.871423358338222E+00
     0.587938914211790E+00     0.346727864152519E+01     0.867896787377061E+00
     0.587083783895058E+00     0.346016656809849E+01     0.864377552421726E+00
     0.586228039866511E+00     0.345305779755279E+01     0.860865669175999E+00
     0.585371677234488E+00     0.344595231531134E+01     0.857361153175804E+00
     0.584514691030428E+00     0.343885010615539E+01     0.853864019788389E+00
     0.583657076206572E+00     0.343175115420865E+01     0.850374284209676E+00
     0.582798827634024E+00     0.342465544292353E+01     0.846891961463866E+00
     0.581939940100314E+00     0.341756295506462E+01     0.843417066400889E+00
     0.581080408307254E+00     0.341047367269359E+01     0.839949613695700E+00
     0.580220226868323E+00     0.340338757715153E+01     0.836489617845608E+00
     0.579359390306334E+00     0.339630464904255E+01     0.833037093169509E+00
     0.578497893050699E+00     0.338922486821519E+01     0.829592053805465E+00
     0.577635729434762E+00     0.338214821374404E+01     0.826154513709175E+00
     0.576772893693021E+00     0.337507466391053E+01     0.822724486652315E+00
     0.575909379958040E+00     0.336800419618207E+01     0.819301986219870E+00
     0.575045182257572E+00     0.336093678719195E+01     0.815887025809069E+00
     0.574180294511218E+00     0.335387241271676E+01     0.812479618626563E+00
     0.573314710527210E+00     0.334681104765415E+01     0.809079777686787E+00
     0.572448423998875E+00     0.333975266599882E+01     0.805687515809398E+00
     0.571581428501078E+00     0.333269724081807E+01     0.802302845617246E+00
     0.570713717486498E+00     0.332564474422624E+01     0.798925779534195E+00
     0.569845284281588E+00     0.331859514735737E+01     0.795556329782097E+00
     0.568976122082478E+00     0.331154842033721E+01     0.792194508378261E+00
     0.568106223950830E+00     0.330450453225462E+01     0.788840327133474E+00
     0.567235582809297E+00     0.329746345113070E+01     0.785493797648914E+00
     0.566364191436721E+00     0.329042514388633E+01     0.782154931312637E+00
     0.565492042463381E+00     0.328338957630941E+01     0.778823739297275E+00
     0.564619128365864E+00     0.327635671301989E+01     0.775500232556868E+00
     0.563745441461678E+00     0.326932651743315E+01     0.772184421823443E+00
     0.562870973903539E+00     0.326229895172117E+01     0.768876317603084E+00
     0.561995717673701E+00     0.325527397677350E+01     0.765575930173446E+00
     0.561119664577529E+00     0.324825155215392E+01     0.762283269578680E+00
     0.560242806237231E+00     0.324123163605730E+01     0.758998345626532E+00
     0.559365134084979E+00     0.323421418526290E+01     0.755721167883797E+00
     0.558486639355778E+00     0.322719915508575E+01     0.752451745671988E+00
     0.557607313079878E+00     0.322018649932506E+01     0.749190088062333E+00
     0.556727146075092E+00     0.321317617021146E+01     0.745936203871981E+00
     0.555846128938342E+00     0.320616811834969E+01     0.742690101658159E+00
     0.554964252036868E+00     0.319916229265875E+01     0.739451789712558E+00
     0.554081505499290E+00     0.319215864031042E+01     0.736221276057010E+00
     0.553197879205531E+00     0.318515710666132E+01     0.732998568435665E+00
     0.552313362776921E+00     0.317815763518469E+01     0.729783674310351E+00
     0.551427945565251E+00     0.317116016739601E+01     0.726576600853210E+00
     0.550541616641372E+00     0.316416464277524E+01     0.723377354939658E+00
     0.549654364783157E+00     0.315717099868460E+01     0.720185943141019E+00
     0.548766178462734E+00     0.315017917028141E+01     0.717002371716509E+00
     0.547877045832457E+00     0.314318909042316E+01     0.713826646602107E+00
     0.546986954712832E+00     0.313620068958152E+01     0.710658773412924E+00
     0.546095892573991E+00     0.312921389572117E+01     0.707498757416602E+00
     0.545203846522062E+00     0.312222863420263E+01     0.704346603535542E+00
     0.544310803281208E+00     0.311524482766107E+01     0.701202316331692E+00
     0.543416749175672E+00     0.310826239588313E+01     0.698065899995960E+00
     0.542521670110480E+00     0.310128125567490E+01     0.694937358335915E+00
     0.541625551550948E+00     0.309430132072174E+01     0.691816694762903E+00
     0.540728378500635E+00     0.308732250143755E+01     0.688703912277225E+00
     0.539830135478222E+00     0.308034470480614E+01     0.685599013454172E+00
     0.538930806492525E+00     0.307336783421018E+01     0.682502000427555E+00
     0.538030375015809E+00     0.306639178924848E+01     0.679412874872137E+00
     0.537128823955372E+00     0.305941646554112E+01     0.676331637985355E+00
     0.536226135623148E+00     0.305244175452082E+01     0.673258290467813E+00
     0.535322291702874E+00     0.304546754320803E+01     0.670192832501094E+00
     0.534417273215117E+00     0.303849371397070E+01     0.667135263725082E+00
     0.533511060479555E+00     0.303152014426546E+01     0.664085583212807E+00
     0.532603633075315E+00     0.302454670636367E+01     0.661043789447646E+00
     0.531694969794805E+00     0.301757326703864E+01     0.658009880281973E+00
     0.530785048599645E+00     0.301059968725747E+01     0.654983852920038E+00
     0.529873846568312E+00     0.300362582182376E+01     0.651965703876273E+00
     0.528961339841328E+00     0.299665151900027E+01     0.648955428938723E+00
     0.528047503561882E+00     0.298967662010010E+01     0.645953023129125E+00
     0.527132311811289E+00     0.298270095904228E+01     0.642958480658640E+00
     0.526215737539982E+00     0.297572436187478E+01     0.639971794884763E+00
     0.525297752488220E+00     0.296874664623337E+01     0.636992958244085E+00
     0.524378327107498E+00     0.296176762079212E+01     0.634021962215724E+00
     0.523457430464691E+00     0.295478708461153E+01     0.631058797233524E+00
     0.522535030149028E+00     0.294780482648594E+01     0.628103452645048E+00
     0.521611092158681E+00     0.294082062416951E+01     0.625155916612323E+00
     0.520685580783747E+00     0.293383424356431E+01     0.622216176037308E+00
     0.519758458474742E+00     0.292684543781297E+01     0.619284216466392E+00
     0.518829685699491E+00     0.291985394630723E+01     0.616360021992791E+00
     0.517899220781881E+00     0.291285949357663E+01     0.613443575133671E+00
     0.516967019726876E+00     0.290586178807532E+01     0.610534856709406E+00
     0.516033036024558E+00     0.289886052082659E+01     0.607633845700752E+00
     0.515097220432497E+00     0.289185536391582E+01     0.604740519090621E+00
     0.514159520732207E+00     0.288484596880518E+01     0.601854851683132E+00
     0.513219881460947E+00     0.287783196446909E+01     0.598976815918910E+00
     0.512278243601354E+00     0.287081295525337E+01     0.596106381623848E+00
     0.511334544245057E+00     0.286378851853094E+01     0.593243515782678E+00
     0.510388716202537E+00     0.285675820200148E+01     0.590388182234966E+00
     0.509440687567542E+00     0.284972152066350E+01     0.587540341357081E+00
     0.508490381217566E+00     0.284267795334916E+01     0.584699949679279E+00
     0.507537714249839E+00     0.283562693879889E+01     0.581866959472653E+00
     0.506582597326987E+00     0.282856787112084E+01     0.579041318237392E+00
     0.505624933931990E+00     0.282150009460440E+01     0.576222968145381E+00
     0.504664619503300E+00     0.281442289770399E+01     0.573411845376091E+00
     0.503701540433422E+00     0.280733550606436E+01     0.570607879354772E+00
     0.502735572890970E+00     0.280023707432912E+01     0.567810991821180E+00
     0.501766581454205E+00     0.279312667660393E+01     0.565021095801793E+00
     0.500794417477643E+00     0.278600329508772E+01     0.562238094307181E+00
     0.499910514291206E+00     0.277953570110822E+01     0.559558173262144E+00
     0.499027465439624E+00     0.277308312662976E+01     0.556887919329426E+00
     0.498143725610749E+00     0.276663426336914E+01     0.554225698883331E+00
     0.497259289997699E+00     0.276018908260167E+01     0.551571510839375E+00
     0.496374153718754E+00     0.275374755501381E+01     0.548925353958642E+00
     0.495488311815006E+00     0.274730965068945E+01     0.546287226847361E+00
     0.494601759248094E+00     0.274087533909645E+01     0.543657127957243E+00
     0.493714490897666E+00     0.273444458907178E+01     0.541035055585031E+00
     0.492826501558976E+00     0.272801736880703E+01     0.538421007873073E+00
     0.491937785940040E+00     0.272159364583196E+01     0.535814982808484E+00
     0.491048338659047E+00     0.271517338699877E+01     0.533216978223796E+00
     0.490158154241331E+00     0.270875655846449E+01     0.530626991796334E+00
     0.489267227116479E+00     0.270234312567347E+01     0.528045021048584E+00
     0.488375551615038E+00     0.269593305333819E+01     0.525471063347495E+00
     0.487483121965327E+00     0.268952630542007E+01     0.522905115904748E+00
     0.486589932289954E+00     0.268312284510881E+01     0.520347175776375E+00
     0.485695976602337E+00     0.267672263480150E+01     0.517797239863049E+00
     0.484801248802756E+00     0.267032563607943E+01     0.515255304909069E+00
     0.483905742674504E+00     0.266393180968500E+01     0.512721367502441E+00
     0.483009451879809E+00     0.265754111549728E+01     0.510195424074751E+00
     0.482112369955569E+00     0.265115351250644E+01     0.507677470900991E+00
     0.481214490308668E+00     0.264476895878615E+01     0.505167504098537E+00
     0.480315806211390E+00     0.263838741146581E+01     0.502665519627311E+00
     0.479416310796415E+00     0.263200882670068E+01     0.500171513289132E+00
     0.478515997051645E+00     0.262563315964090E+01     0.497685480727377E+00
     0.477614857814731E+00     0.261926036439862E+01     0.495207417426326E+00
     0.476712885767332E+00     0.261289039401371E+01     0.492737318710551E+00
     0.475810073429136E+00     0.260652320041769E+01     0.490275179744380E+00
     0.474906413151489E+00     0.260015873439565E+01     0.487820995531002E+00
     0.474001897110819E+00     0.259379694554655E+01     0.485374760911954E+00
     0.473096517301690E+00     0.258743778224141E+01     0.482936470566424E+00
     0.472190265529260E+00     0.258108119157828E+01     0.480506119009590E+00
     0.471283133401810E+00     0.257472711933676E+01     0.478083700592648E+00
     0.470375112322371E+00     0.256837550992803E+01     0.475669209500852E+00
     0.469466193480360E+00     0.256202630634393E+01     0.473262639753220E+00
     0.468556367842326E+00     0.255567945010164E+01     0.470863985200434E+00
     0.467645626142522E+00     0.254933488118657E+01     0.468473239523951E+00
     0.466733958872874E+00     0.254299253799164E+01     0.466090396234649E+00
     0.465821356272270E+00     0.253665235725286E+01     0.463715448670960E+00
     0.464907808315304E+00     0.253031427398129E+01     0.461348389997016E+00
     0.463993304700626E+00     0.252397822139086E+01     0.458989213201357E+00
     0.463077834838023E+00     0.251764413082633E+01     0.456637911094709E+00
     0.462161387835451E+00     0.251131193167619E+01     0.454294476307294E+00
     0.461243952484853E+00     0.250498155129234E+01     0.451958901287167E+00
     0.460325517247324E+00     0.249865291489886E+01     0.449631178297698E+00
     0.459406070237173E+00     0.249232594549575E+01     0.447311299414271E+00
     0.458485599205329E+00     0.248600056375807E+01     0.444999256521994E+00
     0.457564091521504E+00     0.247967668792795E+01     0.442695041312305E+00
     0.456641534155454E+00     0.247335423370158E+01     0.440398645280727E+00
     0.455717913656332E+00     0.246703311410148E+01     0.438110059718581E+00
     0.454793216131966E+00     0.246071323935478E+01     0.435829275714121E+00
     0.453867427226647E+00     0.245439451675599E+01     0.433556284150695E+00
     0.452940532095611E+00     0.244807685051190E+01     0.431291075693360E+00
     0.452012515380288E+00     0.244176014159217E+01     0.429033640790416E+00
     0.451083361180559E+00     0.243544428756083E+01     0.426783969666264E+00
     0.450153053025593E+00     0.242912918239892E+01     0.424542052316027E+00
     0.449221573842575E+00     0.242281471631474E+01     0.422307878499243E+00
     0.448288905923335E+00     0.241650077554113E+01     0.420081437733167E+00
     0.447355030888734E+00     0.241018724211907E+01     0.417862719285713E+00
     0.446419929650437E+00     0.240387399366576E+01     0.415651712167367E+00
     0.445483582370312E+00     0.239756090312744E+01     0.413448405123578E+00
     0.444545968416590E+00     0.239124783851351E+01     0.411252786625180E+00
     0.443607066317058E+00     0.238493466261215E+01     0.409064844858698E+00
     0.442666853709036E+00     0.237862123268614E+01     0.406884567716445E+00
     0.441725307285507E+00     0.237230740014586E+01     0.404711942785042E+00
     0.440782402737325E+00     0.236599301019834E+01     0.402546957333106E+00
     0.439838114691287E+00     0.235967790147126E+01     0.400389598298427E+00
     0.438892416643649E+00     0.235336190560904E+01     0.398239852274191E+00
     0.437945280888575E+00     0.234704484683880E+01     0.396097705493710E+00
     0.436996678441393E+00     0.234072654150464E+01     0.393963143814463E+00
     0.436046578956023E+00     0.233440679756697E+01     0.391836152700553E+00
     0.435094950636529E+00     0.232808541406600E+01     0.389716717204758E+00
     0.434141760141815E+00     0.232176218054477E+01     0.387604821948220E+00
     0.433186972483681E+00     0.231543687643161E+01     0.385500451099897E+00
     0.432230550917439E+00     0.230910927037853E+01     0.383403588354361E+00
     0.431272456824734E+00     0.230277911955340E+01     0.381314216907942E+00
     0.430312649588771E+00     0.229644616888643E+01     0.379232319434970E+00
     0.429351086461275E+00     0.229011015026855E+01     0.377157878062361E+00
     0.428387722421399E+00     0.228377078170302E+01     0.375090874343405E+00
     0.427422510027324E+00     0.227742776641469E+01     0.373031289232460E+00
     0.426455399260799E+00     0.227108079192059E+01     0.370979103059180E+00
     0.425486337367429E+00     0.226472952907574E+01     0.368934295507875E+00
     0.424515268691793E+00     0.225837363110567E+01     0.366896845590789E+00
     0.423542134518290E+00     0.225201273265975E+01     0.364866731643286E+00
     0.422566872915620E+00     0.224564644891807E+01     0.362843931312857E+00
     0.421589418600574E+00     0.223927437481945E+01     0.360828421570041E+00
     0.420609702832914E+00     0.223289608450006E+01     0.358820178738532E+00
     0.419627653363640E+00     0.222651113108321E+01     0.356819178556954E+00
     0.418643194469850E+00     0.222011904703268E+01     0.354825396287938E+00
     0.417656247126990E+00     0.221371934539384E+01     0.352838806897971E+00
     0.416666729397529E+00     0.220731152242684E+01     0.350859385343831E+00
     0.415674557161489E+00     0.220089506242966E+01     0.348887107022941E+00
     0.414679645391519E+00     0.219446944604100E+01     0.346921948478277E+00
     0.413681910310861E+00     0.218803416417359E+01     0.344963888509227E+00
     0.412681273019949E+00     0.218158874129705E+01     0.343012909952035E+00
     0.411677665648682E+00     0.217513277480034E+01     0.341069002591852E+00
     0.410671042079927E+00     0.216866600339338E+01     0.339132168143074E+00
     0.409661397478537E+00     0.216218843149106E+01     0.337202429169749E+00
     0.408648806471129E+00     0.215570057211230E+01     0.335279846400355E+00
     0.407633506699424E+00     0.214920397818817E+01     0.333364556538142E+00
     0.406616121658049E+00     0.214270265960214E+01     0.331456873439831E+00
     0.405598600161491E+00     0.213620906098685E+01     0.329557718795118E+00
     0.404586561006589E+00     0.212975895173735E+01     0.327669671278398E+00
     0.403565326320149E+00     0.212325879443678E+01     0.325785849198315E+00
     0.402531879683834E+00     0.211668958577324E+01     0.323905017957306E+00
     0.401485305910492E+00     0.211004574976823E+01     0.322026954707317E+00
     0.400424551533099E+00     0.210332086160174E+01     0.320151396163359E+00
     0.399348392795510E+00     0.209650745063845E+01     0.318278028657912E+00
     0.398255393377474E+00     0.208959674017601E+01     0.316406474926831E+00
     0.397143847488653E+00     0.208257829705058E+01     0.314536276160463E+00
     0.396011701632780E+00     0.207543954971053E+01     0.312666867182155E+00
     0.394856444317534E+00     0.206816510867122E+01     0.310797541166192E+00
     0.393674946014636E+00     0.206073578012617E+01     0.308927398077210E+00
     0.392463218780134E+00     0.205312708392023E+01     0.307055266678678E+00
     0.391216039820965E+00     0.204530693203846E+01     0.305179581481499E+00
     0.390107080508952E+00     0.203836287310687E+01     0.303370284748990E+00
     0.389295868861891E+00     0.203328961353152E+01     0.301687357881461E+00
     0.388481049895772E+00     0.202819951098735E+01     0.300008705230023E+00
     0.387662546154695E+00     0.202309212903083E+01     0.298334330917564E+00
     0.386840276999948E+00     0.201796701302402E+01     0.296664238941537E+00
     0.386014158410603E+00     0.201282368898626E+01     0.294998433157881E+00
     0.385184102767205E+00     0.200766166234844E+01     0.293336917262758E+00
     0.384350018617631E+00     0.200248041660328E+01     0.291679694774515E+00
     0.383511810420234E+00     0.199727941182724E+01     0.290026769006364E+00
     0.382647525903577E+00     0.199192270773197E+01     0.288370107903469E+00
     0.381738327869776E+00     0.198629411606616E+01     0.286703278609926E+00
     0.380824779658735E+00     0.198064520099081E+01     0.285041454933350E+00
     0.379906379040333E+00     0.197497291755271E+01     0.283384499255552E+00
     0.378982656156699E+00     0.196927443275535E+01     0.281732294167636E+00
     0.378053156518260E+00     0.196354701976075E+01     0.280084735811997E+00
     0.377117428188850E+00     0.195778797851691E+01     0.278441729106140E+00
     0.376175011369559E+00     0.195199457163983E+01     0.276803184120090E+00
     0.375225429253048E+00     0.194616396851274E+01     0.275169013155671E+00
     0.374268179371148E+00     0.194029319278034E+01     0.273539128226610E+00
     0.373302724843810E+00     0.193437906958427E+01     0.271913438737154E+00
     0.372328485012699E+00     0.192841816938989E+01     0.270291849194714E+00
     0.371344824942710E+00     0.192240674528229E+01     0.268674256797698E+00
     0.370351043232796E+00     0.191634066036644E+01     0.267060548782320E+00
     0.369346357439824E+00     0.191021530112579E+01     0.265450599339899E+00
     0.368329886234805E+00     0.190402547149076E+01     0.263844265919393E+00
     0.367508899468247E+00     0.189903159003305E+01     0.262305446328083E+00
     0.366786017472989E+00     0.189463913817738E+01     0.260801732659055E+00
     0.366060605623172E+00     0.189023576713270E+01     0.259301688829297E+00
     0.365332623421133E+00     0.188582125783557E+01     0.257805320344866E+00
     0.364602029201752E+00     0.188139538485517E+01     0.256312632786461E+00
     0.363868780080856E+00     0.187695791610945E+01     0.254823631810083E+00
     0.363132831900360E+00     0.187250861256299E+01     0.253338323147417E+00
     0.362394139170059E+00     0.186804722790611E+01     0.251856712606309E+00
     0.361652655005731E+00     0.186357350821344E+01     0.250378806071275E+00
     0.360908331063166E+00     0.185908719157988E+01     0.248904609503713E+00
     0.360161117467768E+00     0.185458800773208E+01     0.247434128941862E+00
     0.359410962739437E+00     0.185007567761362E+01     0.245967370500747E+00
     0.358657813712258E+00     0.184554991294110E+01     0.244504340371947E+00
     0.357901615448543E+00     0.184101041572881E+01     0.243045044823267E+00
     0.357142311146478E+00     0.183645687777805E+01     0.241589490197696E+00
     0.356379842041058E+00     0.183188898012875E+01     0.240137682912443E+00
     0.355614147297497E+00     0.182730639246899E+01     0.238689629457659E+00
     0.354845163896238E+00     0.182270877249785E+01     0.237245336394554E+00
     0.354072826508686E+00     0.181809576523646E+01     0.235804810352838E+00
     0.353297067362957E+00     0.181346700228274E+01     0.234368058028334E+00
     0.352517816097880E+00     0.180882210100104E+01     0.232935086178975E+00
     0.351734999604497E+00     0.180416066364122E+01     0.231505901620740E+00
     0.350948541853808E+00     0.179948227636413E+01     0.230080511223444E+00
     0.350158363705179E+00     0.179478650823692E+01     0.228658921900152E+00
     0.349364382702639E+00     0.179007291001230E+01     0.227241140605728E+00
     0.348566512844492E+00     0.178534101289834E+01     0.225827174323634E+00
     0.347764664332093E+00     0.178059032714396E+01     0.224417030056013E+00
     0.346958743290694E+00     0.177582034048016E+01     0.223010714810290E+00
     0.346148651458927E+00     0.177103051638410E+01     0.221608235583520E+00
     0.345334285841451E+00     0.176622029213581E+01     0.220209599342984E+00
     0.344515538318871E+00     0.176138907663306E+01     0.218814813003334E+00
     0.343692295206911E+00     0.175653624791979E+01     0.217423883398530E+00
     0.342864436755484E+00     0.175166115037421E+01     0.216036817247939E+00
     0.342031836575626E+00     0.174676309148931E+01     0.214653621114988E+00
     0.341194360979060E+00     0.174184133817027E+01     0.213274301356443E+00
     0.340351868211969E+00     0.173689511232794E+01     0.211898864060233E+00
     0.339504207554257E+00     0.173192358600078E+01     0.210527314966637E+00
     0.338657622632432E+00     0.172696338234094E+01     0.209161033553111E+00
     0.337827386938859E+00     0.172210386677329E+01     0.207803195129010E+00
     0.336992043437776E+00     0.171721934370416E+01     0.206449145088096E+00
     0.336151431457341E+00     0.171230893097027E+01     0.205098888685804E+00
     0.335305380616804E+00     0.170737169265683E+01     0.203752430972546E+00
     0.334453709947411E+00     0.170240663421223E+01     0.202409776752781E+00
     0.333596226906885E+00     0.169741269696945E+01     0.201070930537604E+00
     0.332732726271295E+00     0.169238875198449E+01     0.199735896490029E+00
     0.331862988884824E+00     0.168733359308347E+01     0.198404678361217E+00
     0.330986780244590E+00     0.168224592899067E+01     0.197077279416345E+00
     0.330103848893096E+00     0.167712437438576E+01     0.195753702349669E+00
     0.329213924584205E+00     0.167196743969407E+01     0.194433949177653E+00
     0.328316716184311E+00     0.166677351941058E+01     0.193118021126286E+00
     0.327411909258086E+00     0.166154087865629E+01     0.191805918486905E+00
     0.326499163279484E+00     0.165626763765054E+01     0.190497640449704E+00
     0.325578108394645E+00     0.165095175368281E+01     0.189193184906158E+00
     0.324648341643978E+00     0.164559100006981E+01     0.187892548211607E+00
     0.323709422529393E+00     0.164018294145917E+01     0.186595724901214E+00
     0.322760867780984E+00     0.163472490466849E+01     0.185302707346009E+00
     0.321802145139258E+00     0.162921394403143E+01     0.184013485335851E+00
     0.320832665915316E+00     0.162364679992559E+01     0.182728045569021E+00
     0.319851776021482E+00     0.161801984876430E+01     0.181446371023984E+00
     0.318858745068114E+00     0.161232904219554E+01     0.180168440179359E+00
     0.317852752990059E+00     0.160656983251094E+01     0.178894226037660E+00
     0.316832873480330E+00     0.160073708022972E+01     0.177623694891734E+00
     0.315798053244235E+00     0.159482493834573E+01     0.176356804749080E+00
     0.314747085705406E+00     0.158882670559093E+01     0.175093503296610E+00
     0.313678577229930E+00     0.158273463791145E+01     0.173833725235663E+00
     0.312590903084648E+00     0.157653970259768E+01     0.172577388743212E+00
     0.311482149027851E+00     0.157023125214669E+01     0.171324390690178E+00
     0.310350032342176E+00     0.156379658325479E+01     0.170074600063599E+00
     0.309191792688036E+00     0.155722032715765E+01     0.168827848710225E+00
     0.308004037332456E+00     0.155048358496751E+01     0.167583917982721E+00
     0.306782514981802E+00     0.154356266391250E+01     0.166342518887750E+00
     0.305521773230840E+00     0.153642716290641E+01     0.165103261513132E+00
     0.304214616684629E+00     0.152903694358640E+01     0.163865605842247E+00
     0.302851202292693E+00     0.152133707253117E+01     0.162628778295993E+00
     0.301417421372711E+00     0.151324877388004E+01     0.161391619999647E+00
     0.299891729253798E+00     0.150465169810337E+01     0.160152284622550E+00
     0.298794612460924E+00     0.149847573885896E+01     0.158974125748945E+00
     0.298131361049423E+00     0.149474578600476E+01     0.157852713743091E+00
     0.297466659033020E+00     0.149101082071773E+01     0.156734269864007E+00
     0.296800494291687E+00     0.148727078412919E+01     0.155618796817155E+00
     0.296132854547147E+00     0.148352561662563E+01     0.154506297348573E+00
     0.295463727359689E+00     0.147977525783383E+01     0.153396774245051E+00
     0.294793100125127E+00     0.147601964660629E+01     0.152290230334847E+00
     0.294120960071669E+00     0.147225872100616E+01     0.151186668488369E+00
     0.293447294256518E+00     0.146849241829137E+01     0.150086091618472E+00
     0.292772089562636E+00     0.146472067489890E+01     0.148988502681314E+00
     0.292095332695238E+00     0.146094342642827E+01     0.147893904676817E+00
     0.291417010178296E+00     0.145716060762474E+01     0.146802300649376E+00
     0.290737108350937E+00     0.145337215236208E+01     0.145713693688548E+00
     0.290055613363548E+00     0.144957799362432E+01     0.144628086929327E+00
     0.289372511174207E+00     0.144577806348823E+01     0.143545483553379E+00
     0.288687787544523E+00     0.144197229310386E+01     0.142465886789209E+00
     0.288001428035712E+00     0.143816061267558E+01     0.141389299913109E+00
     0.287313418004373E+00     0.143434295144206E+01     0.140315726249712E+00
     0.286623742598283E+00     0.143051923765599E+01     0.139245169172850E+00
     0.285932386751976E+00     0.142668939856307E+01     0.138177632106218E+00
     0.285239335182171E+00     0.142285336038019E+01     0.137113118524008E+00
     0.284544572383223E+00     0.141901104827353E+01     0.136051631951883E+00
     0.283848082622245E+00     0.141516238633537E+01     0.134993175967548E+00
     0.283149849934238E+00     0.141130729756071E+01     0.133937754201650E+00
     0.282449858116998E+00     0.140744570382291E+01     0.132885370338542E+00
     0.281748090725859E+00     0.140357752584860E+01     0.131836028117018E+00
     0.281044531068435E+00     0.139970268319233E+01     0.130789731331415E+00
     0.280339162198983E+00     0.139582109420967E+01     0.129746483832254E+00
     0.279631966912751E+00     0.139193267603007E+01     0.128706289527230E+00
     0.278922927739945E+00     0.138803734452823E+01     0.127669152381802E+00
     0.278212026939966E+00     0.138413501429592E+01     0.126635076420732E+00
     0.277499246494898E+00     0.138022559861119E+01     0.125604065728477E+00
     0.276784568103107E+00     0.137630900940762E+01     0.124576124450250E+00
     0.276067973172715E+00     0.137238515724275E+01     0.123551256793268E+00
     0.275349442814633E+00     0.136845395126486E+01     0.122529467027537E+00
     0.274628957835453E+00     0.136451529917883E+01     0.121510759486844E+00
     0.273906498730209E+00     0.136056910721126E+01     0.120495138569961E+00
     0.273182045674827E+00     0.135661528007422E+01     0.119482608741742E+00
     0.272455578518176E+00     0.135265372092725E+01     0.118473174533927E+00
     0.271727076774247E+00     0.134868433133935E+01     0.117466840546784E+00
     0.270996519613568E+00     0.134470701124816E+01     0.116463611449753E+00
     0.270263885854758E+00     0.134072165891901E+01     0.115463491983002E+00
     0.269529153955574E+00     0.133672817090189E+01     0.114466486958566E+00
     0.268792302003580E+00     0.133272644198675E+01     0.113472601261379E+00
     0.268053307706743E+00     0.132871636515797E+01     0.112481839850855E+00
     0.267312148383489E+00     0.132469783154659E+01     0.111494207762076E+00
     0.266568800952466E+00     0.132067073038096E+01     0.110509710107138E+00
     0.265823241921913E+00     0.131663494893559E+01     0.109528352076489E+00
     0.265075447378855E+00     0.131259037247871E+01     0.108550138940687E+00
     0.264325392977292E+00     0.130853688421615E+01     0.107575076051132E+00
     0.263573053926839E+00     0.130447436523561E+01     0.106603168842315E+00
     0.262818404980338E+00     0.130040269444720E+01     0.105634422833206E+00
     0.262061420420494E+00     0.129632174852025E+01     0.104668843627590E+00
     0.261302074048544E+00     0.129223140182465E+01     0.103706436919201E+00
     0.260540339168152E+00     0.128813152635818E+01     0.102747208488950E+00
     0.259776188572564E+00     0.128402199168141E+01     0.101791164209274E+00
     0.259009594529551E+00     0.127990266484552E+01     0.100838310045432E+00
     0.258240528765914E+00     0.127577341031750E+01     0.998886520571851E-01
     0.257468962451502E+00     0.127163408990287E+01     0.989421964007422E-01
     0.256694866182513E+00     0.126748456266490E+01     0.979989493306581E-01
     0.255918209964160E+00     0.126332468484066E+01     0.970589172018893E-01
     0.255138963192533E+00     0.125915430975332E+01     0.961221064717611E-01
     0.254357094635781E+00     0.125497328772101E+01     0.951885237021442E-01
     0.253572572414433E+00     0.125078146596148E+01     0.942581755616097E-01
     0.252785363980864E+00     0.124657868849267E+01     0.933310688276379E-01
     0.251995436097973E+00     0.124236479602925E+01     0.924072103890757E-01
     0.251202754816687E+00     0.123813962587377E+01     0.914866072482987E-01
     0.250407285452791E+00     0.123390301180397E+01     0.905692665240048E-01
     0.249608992562312E+00     0.122965478395368E+01     0.896551954534169E-01
     0.248807839916105E+00     0.122539476868932E+01     0.887444013951448E-01
     0.248003790473047E+00     0.122112278847983E+01     0.878368918317813E-01
     0.247196806352150E+00     0.121683866176110E+01     0.869326743728970E-01
     0.246386848803048E+00     0.121254220279291E+01     0.860317567576318E-01
     0.245573878176099E+00     0.120823322151194E+01     0.851341468591852E-01
     0.244757853887828E+00     0.120391152336845E+01     0.842398526840029E-01
     0.243938734389943E+00     0.119957690916971E+01     0.833488823799384E-01
     0.243116477132026E+00     0.119522917490200E+01     0.824612442366489E-01
     0.242291038524569E+00     0.119086811154991E+01     0.815769466898079E-01
     0.241462373899581E+00     0.118649350490464E+01     0.806959983246333E-01
     0.240630437469284E+00     0.118210513536261E+01     0.798184078798094E-01
     0.239795182282242E+00     0.117770277771219E+01     0.789441842509718E-01
     0.238956560177723E+00     0.117328620091066E+01     0.780733364953585E-01
     0.238114521736686E+00     0.116885516784607E+01     0.772058738352089E-01
     0.237269016231022E+00     0.116440943508879E+01     0.763418056629682E-01
     0.236419991568814E+00     0.115994875262552E+01     0.754811415448902E-01
     0.235567394238148E+00     0.115547286358285E+01     0.746238912276001E-01
     0.234711169244348E+00     0.115098150392497E+01     0.737700646396356E-01
     0.233851260047915E+00     0.114647440214606E+01     0.729196719002249E-01
     0.232987608494910E+00     0.114195127893295E+01     0.720727233223644E-01
     0.232120154745111E+00     0.113741184681281E+01     0.712292294193959E-01
     0.231248837194737E+00     0.113285580977583E+01     0.703892009103664E-01
     0.230373592394665E+00     0.112828286287493E+01     0.695526487263789E-01
     0.229494354963055E+00     0.112369269179841E+01     0.687195840168183E-01
     0.228611057491824E+00     0.111908497241300E+01     0.678900181553203E-01
     0.227723630449201E+00     0.111445937028298E+01     0.670639627497814E-01
     0.226832002070703E+00     0.110981554014153E+01     0.662414296453444E-01
     0.225936098247064E+00     0.110515312533834E+01     0.654224309346567E-01
     0.225035842401922E+00     0.110047175724085E+01     0.646069789652553E-01
     0.224131155361600E+00     0.109577105459455E+01     0.637950863489320E-01
     0.223221955213889E+00     0.109105062283142E+01     0.629867659697211E-01
     0.222308157157076E+00     0.108631005332840E+01     0.621820309937285E-01
     0.221389673336479E+00     0.108154892260544E+01     0.613808948785637E-01
     0.220466412668918E+00     0.107676679146243E+01     0.605833713846314E-01
     0.219538280651842E+00     0.107196320404212E+01     0.597894745855316E-01
     0.218605179157173E+00     0.106713768681657E+01     0.589992188800006E-01
     0.217667006207432E+00     0.106228974748625E+01     0.582126190043397E-01
     0.216723655732321E+00     0.105741887378262E+01     0.574296900456128E-01
     0.215775017303354E+00     0.105252453216252E+01     0.566504474554067E-01
     0.214820975844450E+00     0.104760616638326E+01     0.558749070648861E-01
     0.213861411314831E+00     0.104266319594160E+01     0.551030851001370E-01
     0.212896198362558E+00     0.103769501436530E+01     0.543349982002791E-01
     0.211925205941567E+00     0.103270098732797E+01     0.535706634337607E-01
     0.210948296891589E+00     0.102768045057705E+01     0.528100983183853E-01
     0.209965327474814E+00     0.102263270764630E+01     0.520533208437507E-01
     0.208976146857849E+00     0.101755702730615E+01     0.513003494886958E-01
     0.207980596544494E+00     0.101245264075593E+01     0.505512032513164E-01
     0.206978509734648E+00     0.100731873846619E+01     0.498059016689499E-01
     0.205969710615259E+00     0.100215446667136E+01     0.490644648498841E-01
     0.204954013560686E+00     0.996958923421074E+00     0.483269135017398E-01
     0.203931222234084E+00     0.991731154138735E+00     0.475932689640052E-01
     0.202901128572992E+00     0.986470146604733E+00     0.468635532444676E-01
     0.201863511636604E+00     0.981174825257504E+00     0.461377890560296E-01
     0.200818136296222E+00     0.975844044711080E+00     0.454159998614224E-01
     0.199764751734177E+00     0.970476582327072E+00     0.446982099186584E-01
     0.198703089717080E+00     0.965071129669025E+00     0.439844443296672E-01
     0.197632862607009E+00     0.959626282645135E+00     0.432747291021954E-01
     0.196553761040108E+00     0.954140530017942E+00     0.425690912049965E-01
     0.195530507160244E+00     0.948942645115902E+00     0.418685264193884E-01
     0.194545327372584E+00     0.943942041034942E+00     0.411724256338508E-01
     0.193553749265517E+00     0.938912800788914E+00     0.404800536134379E-01
     0.192555620859358E+00     0.933854198729995E+00     0.397914306168028E-01
     0.191550783423140E+00     0.928765476703031E+00     0.391065774375232E-01
     0.190539071005942E+00     0.923645841774197E+00     0.384255154280894E-01
     0.189520309922537E+00     0.918494463737716E+00     0.377482665253195E-01
     0.188494318187943E+00     0.913310472373718E+00     0.370748532778502E-01
     0.187460904893932E+00     0.908092954423758E+00     0.364052988754670E-01
     0.186419869519781E+00     0.902840950246342E+00     0.357396271805847E-01
     0.185371001168501E+00     0.897553450109287E+00     0.350778627624401E-01
     0.184314077717460E+00     0.892229390065530E+00     0.344200309336136E-01
     0.183248864871438E+00     0.886867647353348E+00     0.337661577898648E-01
     0.182175115103002E+00     0.881467035247685E+00     0.331162702531088E-01
     0.181092566462919E+00     0.876026297277987E+00     0.324703961182397E-01
     0.180000941239661E+00     0.870544100710282E+00     0.318285641041737E-01
     0.178899944442697E+00     0.865019029170232E+00     0.311908039093911E-01
     0.177789262079713E+00     0.859449574260745E+00     0.305571462731831E-01
     0.176668559190382E+00     0.853834125992204E+00     0.299276230425738E-01
     0.175537477592180E+00     0.848170961807253E+00     0.293022672465327E-01
     0.174395633282217E+00     0.842458233926933E+00     0.286811131777318E-01
     0.173242613426659E+00     0.836693954683264E+00     0.280641964836455E-01
     0.172077972851403E+00     0.830875979416355E+00     0.274515542682133E-01
     0.170901229925109E+00     0.825001986403938E+00     0.268432252055450E-01
     0.169711861696388E+00     0.819069453147141E+00     0.262392496681934E-01
     0.168509298106830E+00     0.813075628140602E+00     0.256396698723659E-01
     0.167292915047974E+00     0.807017496992903E+00     0.250445300430692E-01
     0.166062025957562E+00     0.800891741406471E+00     0.244538766035989E-01
     0.164815871548024E+00     0.794694689026066E+00     0.238677583937829E-01
     0.163553607117723E+00     0.788422251466722E+00     0.232862269237710E-01
     0.162274286691017E+00     0.782069846831373E+00     0.227093366708549E-01
     0.160976842926028E+00     0.775632301526171E+00     0.221371454329534E-01
     0.159660061301888E+00     0.769103724085282E+00     0.215697147461837E-01
     0.158322546382762E+00     0.762477340226150E+00     0.210071103934215E-01
     0.156962676913188E+00     0.755745273241909E+00     0.204494030246698E-01
     0.155578544750096E+00     0.748898245275537E+00     0.198966689272830E-01
     0.154167869743814E+00     0.741925160848432E+00     0.193489909978339E-01
     0.152727877632956E+00     0.734812509292420E+00     0.188064599912489E-01
     0.151255118814218E+00     0.727543477646211E+00     0.182691761618133E-01
     0.149745188100253E+00     0.720096578627988E+00     0.177372514737183E-01
     0.148192268977158E+00     0.712443418965382E+00     0.172108126682955E-01
     0.146588343803964E+00     0.704544831234283E+00     0.166900056697261E-01
     0.144921706559519E+00     0.696343588605479E+00     0.161750021719637E-01
     0.143173824464906E+00     0.687749029175031E+00     0.156660099188136E-01
     0.141311503976557E+00     0.678598669379524E+00     0.151632891925548E-01
     0.139260962515120E+00     0.668531136563616E+00     0.146671756636650E-01
     0.137237122982562E+00     0.658601786318271E+00     0.141791114942907E-01
     0.135869753204600E+00     0.651898447128283E+00     0.136987870997229E-01
     0.134485995286451E+00     0.645119780022105E+00     0.132234009338365E-01
     0.133085203839936E+00     0.638262739414341E+00     0.127530089288544E-01
     0.131666689533656E+00     0.631324071605703E+00     0.122876693417921E-01
     0.130229714693873E+00     0.624300293929174E+00     0.118274429151488E-01
     0.128773488403837E+00     0.617187671499009E+00     0.113723930539977E-01
     0.127297160944636E+00     0.609982190833680E+00     0.109225860206509E-01
     0.125799817468987E+00     0.602679529833443E+00     0.104780911519549E-01
     0.124280470768956E+00     0.595275023458993E+00     0.100389810970972E-01
     0.122738052980571E+00     0.587763624356820E+00     0.960533208508961E-02
     0.121171406023398E+00     0.580139857477096E+00     0.917722422223012E-02
     0.119579270532753E+00     0.572397767530639E+00     0.875474182559341E-02
     0.117960272983515E+00     0.564530857854403E+00     0.833797379815338E-02
     0.116312910631333E+00     0.556532018906684E+00     0.792701405273292E-02
     0.114635533800936E+00     0.548393444157015E+00     0.752196199263780E-02
     0.112926324928310E+00     0.540106530550272E+00     0.712292305980640E-02
     0.111183273598578E+00     0.531661759940941E+00     0.673000936267411E-02
     0.109404146604168E+00     0.523048556860072E+00     0.634334039957805E-02
     0.107586451753289E+00     0.514255116576844E+00     0.596304389693500E-02
     0.105727393758570E+00     0.505268195513115E+00     0.558925678715398E-02
     0.103823819980522E+00     0.496072853429379E+00     0.522212635723934E-02
     0.101872153022894E+00     0.486652133101599E+00     0.486181160859254E-02
     0.998683060673431E-01     0.476986657930343E+00     0.450848488076438E-02
     0.978075752232949E-01     0.467054120257766E+00     0.416233380867296E-02
     0.956845007828165E-01     0.456828621817460E+00     0.382356370669537E-02
     0.934926856588092E-01     0.446279810560235E+00     0.349240050755264E-02
     0.912245536795659E-01     0.435371731431839E+00     0.316909443326416E-02
     0.888710214721314E-01     0.424061266139315E+00     0.285392465086017E-02
     0.864210429401145E-01     0.412295966872953E+00     0.254720527898758E-02
     0.838609601988781E-01     0.400010969304360E+00     0.224929329877083E-02
     0.811735500094465E-01     0.387124456901136E+00     0.196059921615987E-02
     0.783365708179459E-01     0.373530749148748E+00     0.168160184743405E-02
     0.753204485449298E-01     0.359089291669247E+00     0.141286953122247E-02
     0.720843819421563E-01     0.343606125538797E+00     0.115509187475909E-02
     0.685693097095395E-01     0.326800421477206E+00     0.909129890902686E-03
     0.646839621860134E-01     0.308238100306015E+00     0.676101025395693E-03
     0.602732934351526E-01     0.287181586546494E+00     0.457538378625891E-03
     0.550309249634021E-01     0.262173042098618E+00     0.255737069285872E-03
     0.481462897721277E-01     0.229354580589722E+00     0.747345975462952E-04
