     0.112221587754580E+01     0.848236918716231E+01     0.345808244998304E+01
     0.112116148676649E+01     0.847282709561667E+01     0.345365556126597E+01
     0.112010551784625E+01     0.846326976252168E+01     0.344922694292282E+01
     0.111904792323873E+01     0.845369671839197E+01     0.344479652688797E+01
     0.111798865242591E+01     0.844410746616541E+01     0.344036424259093E+01
     0.111692765165415E+01     0.843450147875116E+01     0.343593001676800E+01
     0.111586486363365E+01     0.842487819627495E+01     0.343149377321828E+01
     0.111480022720332E+01     0.841523702299005E+01     0.342705543254623E+01
     0.111373367695288E+01     0.840557732379802E+01     0.342261491187014E+01
     0.111266514279571E+01     0.839589842031708E+01     0.341817212449195E+01
     0.111159454948470E+01     0.838619958642601E+01     0.341372697952501E+01
     0.111052181606111E+01     0.837648004319367E+01     0.340927938146999E+01
     0.110944685522532E+01     0.836673895308959E+01     0.340482922973269E+01
     0.110836957261481E+01     0.835697541334469E+01     0.340037641807016E+01
     0.110728986597317E+01     0.834718844830832E+01     0.339592083395655E+01
     0.110620762418818E+01     0.833737700060593E+01     0.339146235784824E+01
     0.110512272617385E+01     0.832753992086267E+01     0.338700086233283E+01
     0.110403503956391E+01     0.831767595569646E+01     0.338253621113577E+01
     0.110294441917644E+01     0.830778373361129E+01     0.337806825795487E+01
     0.110185070519886E+01     0.829786174832450E+01     0.337359684508539E+01
     0.110075372102859E+01     0.828790833893399E+01     0.336912180178744E+01
     0.109965327068569E+01     0.827792166616059E+01     0.336464294233233E+01
     0.109854913568966E+01     0.826789968367474E+01     0.336016006364975E+01
     0.109744107125800E+01     0.825784010320371E+01     0.335567294246839E+01
     0.109632880163698E+01     0.824774035168652E+01     0.335118133180724E+01
     0.109521201431276E+01     0.823759751815126E+01     0.334668495664432E+01
     0.109409035275029E+01     0.822740828711698E+01     0.334218350847633E+01
     0.109296340718182E+01     0.821716885410950E+01     0.333767663844091E+01
     0.109183070276165E+01     0.820687481704122E+01     0.333316394849004E+01
     0.109069168410227E+01     0.819652103444781E+01     0.332864497987784E+01
     0.108954569474609E+01     0.818610143732896E+01     0.332411919791061E+01
     0.108839194938538E+01     0.817560877456835E+01     0.331958597134799E+01
     0.108722949543039E+01     0.816503426081470E+01     0.331504454395217E+01
     0.108605715846907E+01     0.815436707686715E+01     0.331049399418913E+01
     0.108487346250755E+01     0.814359363920247E+01     0.330593317638541E+01
     0.108367650909967E+01     0.813269649318060E+01     0.330136063173759E+01
     0.108246378605702E+01     0.812165256180691E+01     0.329677444769658E+01
     0.108123184802550E+01     0.811043022200509E+01     0.329217202359751E+01
     0.107997574526600E+01     0.809898407722059E+01     0.328754965226971E+01
     0.107885620491997E+01     0.808877920894462E+01     0.328301724423724E+01
     0.107789842506610E+01     0.808004709788580E+01     0.327859378208390E+01
     0.107694014804083E+01     0.807130898764442E+01     0.327416850983477E+01
     0.107598136983666E+01     0.806256481628783E+01     0.326974139757475E+01
     0.107502208638157E+01     0.805381452122898E+01     0.326531241524980E+01
     0.107406229353756E+01     0.804505803921383E+01     0.326088153266544E+01
     0.107310198709928E+01     0.803629530630821E+01     0.325644871948491E+01
     0.107214116279251E+01     0.802752625788449E+01     0.325201394522772E+01
     0.107117981627257E+01     0.801875082860736E+01     0.324757717926747E+01
     0.107021794312293E+01     0.800996895241988E+01     0.324313839083069E+01
     0.106925553885332E+01     0.800118056252792E+01     0.323869754899402E+01
     0.106829259889821E+01     0.799238559138504E+01     0.323425462268272E+01
     0.106732911861500E+01     0.798358397067630E+01     0.322980958066830E+01
     0.106636509328220E+01     0.797477563130171E+01     0.322536239156642E+01
     0.106540051809757E+01     0.796596050335888E+01     0.322091302383436E+01
     0.106443538817622E+01     0.795713851612543E+01     0.321646144576897E+01
     0.106346969854851E+01     0.794830959804005E+01     0.321200762550338E+01
     0.106250344415806E+01     0.793947367668382E+01     0.320755153100522E+01
     0.106153661985956E+01     0.793063067875992E+01     0.320309313007312E+01
     0.106056922041598E+01     0.792178053007085E+01     0.319863239033040E+01
     0.105960124049863E+01     0.791292315550678E+01     0.319416927923748E+01
     0.105863267468105E+01     0.790405847900799E+01     0.318970376406416E+01
     0.105766351743919E+01     0.789518642355268E+01     0.318523581190375E+01
     0.105669376314804E+01     0.788630691113001E+01     0.318076538966459E+01
     0.105572340607904E+01     0.787741986271526E+01     0.317629246406643E+01
     0.105475244039734E+01     0.786852519824435E+01     0.317181700163708E+01
     0.105378086015864E+01     0.785962283658604E+01     0.316733896870579E+01
     0.105280865930708E+01     0.785071269551630E+01     0.316285833140663E+01
     0.105183583167108E+01     0.784179469168709E+01     0.315837505566458E+01
     0.105086237096077E+01     0.783286874059745E+01     0.315388910719657E+01
     0.104988827076444E+01     0.782393475656165E+01     0.314940045150490E+01
     0.104891352454516E+01     0.781499265267699E+01     0.314490905387286E+01
     0.104793812563717E+01     0.780604234078994E+01     0.314041487935926E+01
     0.104696206724217E+01     0.779708373146081E+01     0.313591789279303E+01
     0.104598534242535E+01     0.778811673392693E+01     0.313141805876713E+01
     0.104500794411137E+01     0.777914125606442E+01     0.312691534163252E+01
     0.104402986508029E+01     0.777015720434888E+01     0.312240970549270E+01
     0.104305109796296E+01     0.776116448381312E+01     0.311790111419582E+01
     0.104207163523660E+01     0.775216299800430E+01     0.311338953132842E+01
     0.104109146922004E+01     0.774315264893884E+01     0.310887492020819E+01
     0.104007515359062E+01     0.773380739030291E+01     0.310432514668665E+01
     0.103903594458425E+01     0.772424870409219E+01     0.309975177778621E+01
     0.103799853127888E+01     0.771470355900235E+01     0.309517707008159E+01
     0.103696248130537E+01     0.770516797297937E+01     0.309060062905511E+01
     0.103592745604327E+01     0.769563882120384E+01     0.308602213822732E+01
     0.103489318328757E+01     0.768611358591346E+01     0.308144133615437E+01
     0.103385943931190E+01     0.767659019224818E+01     0.307685800136154E+01
     0.103282603665388E+01     0.766706689649000E+01     0.307227194208524E+01
     0.103179281553689E+01     0.765754220758332E+01     0.306768298907613E+01
     0.103075963768447E+01     0.764801483054666E+01     0.306309099041562E+01
     0.102972638175518E+01     0.763848362471582E+01     0.305849580768681E+01
     0.102869293990243E+01     0.762894757229292E+01     0.305389731307174E+01
     0.102765921514214E+01     0.761940575424806E+01     0.304929538715927E+01
     0.102662511929481E+01     0.760985733151580E+01     0.304468991718906E+01
     0.102559057136172E+01     0.760030153012958E+01     0.304008079568746E+01
     0.102455549622040E+01     0.759073762928639E+01     0.303546791935423E+01
     0.102351982356396E+01     0.758116495163959E+01     0.303085118815110E+01
     0.102248348702832E+01     0.757158285530402E+01     0.302623050454707E+01
     0.102144642346407E+01     0.756199072718477E+01     0.302160577287844E+01
     0.102040857232239E+01     0.755238797734374E+01     0.301697689880261E+01
     0.101936987513026E+01     0.754277403418089E+01     0.301234378882266E+01
     0.101833027503634E+01     0.753314834025936E+01     0.300770634986605E+01
     0.101728971641318E+01     0.752351034864150E+01     0.300306448890781E+01
     0.101624814450294E+01     0.751385951962563E+01     0.299841811261938E+01
     0.101520550510193E+01     0.750419531781375E+01     0.299376712706561E+01
     0.101416174426582E+01     0.749451720940465E+01     0.298911143737479E+01
     0.101311680804413E+01     0.748482465970536E+01     0.298445094747212E+01
     0.101207064222579E+01     0.747511713076859E+01     0.297978555978795E+01
     0.101102319209734E+01     0.746539407913474E+01     0.297511517497648E+01
     0.100997440220934E+01     0.745565495364099E+01     0.297043969163695E+01
     0.100892421614639E+01     0.744589919326075E+01     0.296575900602788E+01
     0.100787257629795E+01     0.743612622494431E+01     0.296107301177185E+01
     0.100667373914561E+01     0.742498048548472E+01     0.295621858606186E+01
     0.100552346181238E+01     0.741428117629028E+01     0.295141344675230E+01
     0.100439207156792E+01     0.740375282147300E+01     0.294662485911433E+01
     0.100327039282261E+01     0.739331023989742E+01     0.294184268787619E+01
     0.100215447732693E+01     0.738291677514912E+01     0.293706255985887E+01
     0.100104216853038E+01     0.737255239509132E+01     0.293228207003373E+01
     0.999932116603696E+00     0.736220454895454E+01     0.292749969600456E+01
     0.998823395583154E+00     0.735186461449955E+01     0.292271437681374E+01
     0.997715325647246E+00     0.734152624917825E+01     0.291792531769235E+01
     0.996607380145267E+00     0.733118452774697E+01     0.291313188802888E+01
     0.995499132510743E+00     0.732083544990784E+01     0.290833356310667E+01
     0.994390223815072E+00     0.731047563938735E+01     0.290352988845380E+01
     0.993280341796917E+00     0.730010214941649E+01     0.289872045672844E+01
     0.992169206639372E+00     0.728971233074795E+01     0.289390489195129E+01
     0.991056560889158E+00     0.727930373804455E+01     0.288908283821730E+01
     0.989942162003882E+00     0.726887406059031E+01     0.288425395122794E+01
     0.988825776602515E+00     0.725842106874594E+01     0.287941789162331E+01
     0.987707175829152E+00     0.724794257067456E+01     0.287457431945925E+01
     0.986586131437243E+00     0.723743637568635E+01     0.286972288939285E+01
     0.985462412318537E+00     0.722690026163878E+01     0.286486324626088E+01
     0.984335781271382E+00     0.721633194448384E+01     0.285999502080244E+01
     0.983205991848942E+00     0.720572904845795E+01     0.285511782534758E+01
     0.982072785145951E+00     0.719508907559743E+01     0.285023124927891E+01
     0.980935886393425E+00     0.718440937334582E+01     0.284533485409321E+01
     0.979795001228010E+00     0.717368709898652E+01     0.284042816787916E+01
     0.978649811487523E+00     0.716291917949166E+01     0.283551067899353E+01
     0.977499970358448E+00     0.715210226512802E+01     0.283058182867443E+01
     0.976345096662529E+00     0.714123267477969E+01     0.282564100227588E+01
     0.975184768007371E+00     0.713030633036792E+01     0.282068751869432E+01
     0.974018512443486E+00     0.711931867694272E+01     0.281572061744161E+01
     0.972845798145614E+00     0.710826458383362E+01     0.281073944261853E+01
     0.971666020456115E+00     0.709713822053138E+01     0.280574302275847E+01
     0.970478485370016E+00     0.708593289845387E+01     0.280073024514546E+01
     0.969282388123725E+00     0.707464086588887E+01     0.279569982246412E+01
     0.968076784967687E+00     0.706325303761381E+01     0.279065024891061E+01
     0.966860555196670E+00     0.705175863132368E+01     0.278557974114227E+01
     0.965632348959323E+00     0.704014466796178E+01     0.278048615719630E+01
     0.964390513690919E+00     0.702839526754582E+01     0.277536688229851E+01
     0.963132987342471E+00     0.701649062740372E+01     0.277021866330110E+01
     0.961857137976101E+00     0.700440548750626E+01     0.276503736022425E+01
     0.960559512544774E+00     0.699210672750740E+01     0.275981755755932E+01
     0.959235422749979E+00     0.697954940634923E+01     0.275455192425808E+01
     0.957878216513639E+00     0.696666979719795E+01     0.274923008917817E+01
     0.956477882403804E+00     0.695337204840915E+01     0.274383648954068E+01
     0.955018042393117E+00     0.693949944743203E+01     0.273834574042425E+01
     0.953468228966780E+00     0.692476064313934E+01     0.273271075847442E+01
     0.952116668181287E+00     0.691189764213290E+01     0.272736205735004E+01
     0.951190123630883E+00     0.690307550201128E+01     0.272264601818792E+01
     0.950263243814098E+00     0.689424728301457E+01     0.271792658699358E+01
     0.949336019815774E+00     0.688541289664049E+01     0.271320374551051E+01
     0.948408442736020E+00     0.687657225464180E+01     0.270847747555280E+01
     0.947480503676196E+00     0.686772526889497E+01     0.270374775898606E+01
     0.946552193725267E+00     0.685887185127240E+01     0.269901457770809E+01
     0.945623503946873E+00     0.685001191351980E+01     0.269427791363168E+01
     0.944694425366273E+00     0.684114536713421E+01     0.268953774866472E+01
     0.943764948957733E+00     0.683227212324498E+01     0.268479406469149E+01
     0.942835065632339E+00     0.682339209249758E+01     0.268004684355527E+01
     0.941904766225446E+00     0.681450518493591E+01     0.267529606703767E+01
     0.940974041484717E+00     0.680561130988768E+01     0.267054171684102E+01
     0.940042882057672E+00     0.679671037584709E+01     0.266578377456711E+01
     0.939111278479642E+00     0.678780229035923E+01     0.266102222169823E+01
     0.938179221161438E+00     0.677888695990237E+01     0.265625703957659E+01
     0.937246700376744E+00     0.676996428976800E+01     0.265148820938210E+01
     0.936313706249551E+00     0.676103418393998E+01     0.264671571211098E+01
     0.935380228741325E+00     0.675209654497102E+01     0.264193952855341E+01
     0.934446257637726E+00     0.674315127385529E+01     0.263715963926932E+01
     0.933511782535031E+00     0.673419826989779E+01     0.263237602456346E+01
     0.932576792826290E+00     0.672523743058022E+01     0.262758866446032E+01
     0.931641277686874E+00     0.671626865142156E+01     0.262279753867676E+01
     0.930705226059572E+00     0.670729182583365E+01     0.261800262659389E+01
     0.929768626639118E+00     0.669830684497109E+01     0.261320390722743E+01
     0.928831467856051E+00     0.668931359757462E+01     0.260840135919640E+01
     0.927893737859778E+00     0.668031196980677E+01     0.260359496068954E+01
     0.926955424501217E+00     0.667130184508178E+01     0.259878468943221E+01
     0.926016515313973E+00     0.666228310388372E+01     0.259397052264735E+01
     0.925076997495159E+00     0.665325562357822E+01     0.258915243701807E+01
     0.924136857884944E+00     0.664421927821278E+01     0.258433040864629E+01
     0.923196082944834E+00     0.663517393830510E+01     0.257950441300794E+01
     0.922254658734885E+00     0.662611947062003E+01     0.257467442490642E+01
     0.921312570889676E+00     0.661705573793369E+01     0.256984041842377E+01
     0.920369804592515E+00     0.660798259878151E+01     0.256500236686656E+01
     0.919426344548292E+00     0.659889990719161E+01     0.256016024270990E+01
     0.918482174954451E+00     0.658980751240016E+01     0.255531401753674E+01
     0.917537279470016E+00     0.658070525854757E+01     0.255046366197275E+01
     0.916591641182677E+00     0.657159298435475E+01     0.254560914561752E+01
     0.915645242573342E+00     0.656247052277538E+01     0.254075043696938E+01
     0.914698065478308E+00     0.655333770062398E+01     0.253588750334530E+01
     0.913750091048825E+00     0.654419433817744E+01     0.253102031079599E+01
     0.912801299707132E+00     0.653504024874407E+01     0.252614882401098E+01
     0.911851671099782E+00     0.652587523820284E+01     0.252127300622051E+01
     0.910901184046744E+00     0.651669910450352E+01     0.251639281908581E+01
     0.909949816486819E+00     0.650751163712872E+01     0.251150822258290E+01
     0.908997545418474E+00     0.649831261651123E+01     0.250661917487579E+01
     0.908044346835594E+00     0.648910181340180E+01     0.250172563217810E+01
     0.907090195658133E+00     0.647987898818485E+01     0.249682754860512E+01
     0.906135065656117E+00     0.647064389013133E+01     0.249192487600878E+01
     0.905178929367642E+00     0.646139625658879E+01     0.248701756380291E+01
     0.904221758008533E+00     0.645213581209302E+01     0.248210555876656E+01
     0.903263521374445E+00     0.644286226740135E+01     0.247718880483466E+01
     0.902304187732856E+00     0.643357531842961E+01     0.247226724286334E+01
     0.901343723705117E+00     0.642427464508838E+01     0.246734081037615E+01
     0.900382094136363E+00     0.641495991000117E+01     0.246240944128241E+01
     0.899419261952328E+00     0.640563075709247E+01     0.245747306556798E+01
     0.898455188000979E+00     0.639628681002696E+01     0.245253160895223E+01
     0.897489830877278E+00     0.638692767048187E+01     0.244758499250899E+01
     0.896523146728748E+00     0.637755291622962E+01     0.244263313224614E+01
     0.895555089038797E+00     0.636816209900254E+01     0.243767593863578E+01
     0.894585608385225E+00     0.635875474211177E+01     0.243271331609174E+01
     0.893614652169825E+00     0.634933033778193E+01     0.242774516238377E+01
     0.892642164315254E+00     0.633988834416177E+01     0.242277136798222E+01
     0.891668084921939E+00     0.633042818194929E+01     0.241779181530774E+01
     0.890692349886251E+00     0.632094923061018E+01     0.241280637792315E+01
     0.889714890458007E+00     0.631145082404069E+01     0.240781491954972E+01
     0.888735632746784E+00     0.630193224568556E+01     0.240281729301540E+01
     0.887754497152833E+00     0.629239272293558E+01     0.239781333901645E+01
     0.886771397716096E+00     0.628283142071255E+01     0.239280288470818E+01
     0.885786241366520E+00     0.627324743408274E+01     0.238778574208158E+01
     0.884798927058989E+00     0.626363977972468E+01     0.238276170610092E+01
     0.883809344759955E+00     0.625400738596931E+01     0.237773055248505E+01
     0.882817374274574E+00     0.624434908122408E+01     0.237269203519435E+01
     0.881822883859952E+00     0.623466358032405E+01     0.236764588341949E+01
     0.880825728588508E+00     0.622494946841245E+01     0.236259179804281E+01
     0.879825748399227E+00     0.621520518175346E+01     0.235752944742095E+01
     0.878822765765130E+00     0.620542898475541E+01     0.235245846235299E+01
     0.877816582870715E+00     0.619561894219444E+01     0.234737842996641E+01
     0.876806978179586E+00     0.618577288541911E+01     0.234228888630806E+01
     0.875793702214285E+00     0.617588837081217E+01     0.233718930722755E+01
     0.874776472317132E+00     0.616596262823260E+01     0.233207909705852E+01
     0.873754966080508E+00     0.615599249634861E+01     0.232695757445533E+01
     0.872728812989211E+00     0.614597434043391E+01     0.232182395432393E+01
     0.871697583674688E+00     0.613590394661679E+01     0.231667732467630E+01
     0.870660775851424E+00     0.612577638355843E+01     0.231151661627982E+01
     0.869617795619394E+00     0.611558581854314E+01     0.230634056235934E+01
     0.868567932101785E+00     0.610532526805804E+01     0.230114764394314E+01
     0.867510322265098E+00     0.609498625186774E+01     0.229593601408336E+01
     0.866443900831316E+00     0.608455830056683E+01     0.229070339000374E+01
     0.865367326745328E+00     0.607402823272805E+01     0.228544689483098E+01
     0.864278871196461E+00     0.606337905427107E+01     0.228016281666876E+01
     0.863176239332132E+00     0.605258820633801E+01     0.227484622517182E+01
     0.862056270228295E+00     0.604162461715297E+01     0.226949032656740E+01
     0.860914394831898E+00     0.603044337645415E+01     0.226408529888976E+01
     0.859743559352553E+00     0.601897515971328E+01     0.225861597958486E+01
     0.858531780902932E+00     0.600710222024446E+01     0.225305661787040E+01
     0.857255320001884E+00     0.599459134214348E+01     0.224735622416728E+01
     0.855850643288020E+00     0.598081855840593E+01     0.224137843933808E+01
     0.854391311674471E+00     0.596650349733560E+01     0.223527849390453E+01
     0.853507729051453E+00     0.595783389336825E+01     0.223040631214187E+01
     0.852623973852075E+00     0.594916157189698E+01     0.222553273628947E+01
     0.851740044101001E+00     0.594048653853088E+01     0.222065778650236E+01
     0.850855937755820E+00     0.593180879846112E+01     0.221578148300552E+01
     0.849971652704154E+00     0.592312835642314E+01     0.221090384609681E+01
     0.849087186757133E+00     0.591444521663605E+01     0.220602489612709E+01
     0.848202537643257E+00     0.590575938274199E+01     0.220114465348551E+01
     0.847317703002122E+00     0.589707085774226E+01     0.219626313858647E+01
     0.846432680376860E+00     0.588837964392319E+01     0.219138037185093E+01
     0.845547467205122E+00     0.587968574277038E+01     0.218649637368110E+01
     0.844662060811881E+00     0.587098915489014E+01     0.218161116445154E+01
     0.843776458398573E+00     0.586228987990552E+01     0.217672476447968E+01
     0.842890657029980E+00     0.585358791633465E+01     0.217183719398574E+01
     0.842004653625673E+00     0.584488326149062E+01     0.216694847308975E+01
     0.841118444943052E+00     0.583617591132639E+01     0.216205862175753E+01
     0.840232027562249E+00     0.582746586028390E+01     0.215716765976698E+01
     0.839345397871044E+00     0.581875310113557E+01     0.215227560668304E+01
     0.838458552041030E+00     0.581003762476562E+01     0.214738248178277E+01
     0.837571486010515E+00     0.580131941998076E+01     0.214248830403811E+01
     0.836689360623355E+00     0.579264925033147E+01     0.213760458485469E+01
     0.835807333336219E+00     0.578397956378985E+01     0.213272060213077E+01
     0.834925141841947E+00     0.577530781151444E+01     0.212783580144970E+01
     0.834042784059635E+00     0.576663400247951E+01     0.212295020701819E+01
     0.833160257829459E+00     0.575795814510381E+01     0.211806384307108E+01
     0.832277560908062E+00     0.574928024720345E+01     0.211317673386087E+01
     0.831394690962921E+00     0.574060031593753E+01     0.210828890364200E+01
     0.830511645566652E+00     0.573191835775152E+01     0.210340037665627E+01
     0.829628422192462E+00     0.572323437832555E+01     0.209851117712856E+01
     0.828745018204036E+00     0.571454838248888E+01     0.209362132922581E+01
     0.827861430851998E+00     0.570586037416959E+01     0.208873085706432E+01
     0.826977657264368E+00     0.569717035630768E+01     0.208383978467796E+01
     0.826093694438400E+00     0.568847833077328E+01     0.207894813599895E+01
     0.825209539231687E+00     0.567978429827780E+01     0.207405593483682E+01
     0.824325188351337E+00     0.567108825827040E+01     0.206916320484776E+01
     0.823440638345628E+00     0.566239020884622E+01     0.206426996952481E+01
     0.822555885589094E+00     0.565369014661095E+01     0.205937625214761E+01
     0.821670926271304E+00     0.564498806656384E+01     0.205448207576228E+01
     0.820785756382409E+00     0.563628396195628E+01     0.204958746314466E+01
     0.819900371698510E+00     0.562757782414437E+01     0.204469243676846E+01
     0.819014767761466E+00     0.561886964240185E+01     0.203979701874242E+01
     0.818128939864999E+00     0.561015940376471E+01     0.203490123079801E+01
     0.817242883029028E+00     0.560144709279714E+01     0.203000509420576E+01
     0.816356591980198E+00     0.559273269138666E+01     0.202510862974353E+01
     0.815470061124070E+00     0.558401617847940E+01     0.202021185761922E+01
     0.814583284517919E+00     0.557529752980812E+01     0.201531479741034E+01
     0.813696255838271E+00     0.556657671757629E+01     0.201041746798226E+01
     0.812808968346030E+00     0.555785371011344E+01     0.200551988740670E+01
     0.811921414846223E+00     0.554912847148181E+01     0.200062207286267E+01
     0.811033587643342E+00     0.554040096103762E+01     0.199572404052948E+01
     0.810145478490825E+00     0.553167113293534E+01     0.199082580546546E+01
     0.809257078533312E+00     0.552293893556312E+01     0.198592738146711E+01
     0.808368378241903E+00     0.551420431090644E+01     0.198102878091537E+01
     0.807479367340010E+00     0.550546719382047E+01     0.197613001459855E+01
     0.806590034716042E+00     0.549672751118209E+01     0.197123109149363E+01
     0.805700368328806E+00     0.548798518094985E+01     0.196633201855484E+01
     0.804810355091784E+00     0.547924011103838E+01     0.196143280042626E+01
     0.803919980739570E+00     0.547049219801630E+01     0.195653343911440E+01
     0.803029229676474E+00     0.546174132561322E+01     0.195163393363719E+01
     0.802138084794722E+00     0.545298736294182E+01     0.194673427958530E+01
     0.801246527259568E+00     0.544423016239639E+01     0.194183446860386E+01
     0.800354536253504E+00     0.543546955715147E+01     0.193693448777555E+01
     0.799462088672588E+00     0.542670535818202E+01     0.193203431890088E+01
     0.798569158756029E+00     0.541793735064176E+01     0.192713393760468E+01
     0.797675717636514E+00     0.540916528946112E+01     0.192223331225834E+01
     0.796781732786976E+00     0.540038889393257E+01     0.191733240265232E+01
     0.795887167334346E+00     0.539160784099110E+01     0.191243115835347E+01
     0.794991979195931E+00     0.538282175676362E+01     0.190752951663044E+01
     0.794096119980896E+00     0.537403020582058E+01     0.190262739981417E+01
     0.793199533578164E+00     0.536523267734358E+01     0.189772471192324E+01
     0.792302154298258E+00     0.535642856695381E+01     0.189282133418616E+01
     0.791403904405654E+00     0.534761715254757E+01     0.188791711913305E+01
     0.790515947607001E+00     0.533890797239559E+01     0.188303873667142E+01
     0.789636835778285E+00     0.533028687093496E+01     0.187818277875334E+01
     0.788757684711296E+00     0.532166674938323E+01     0.187332809178279E+01
     0.787878495442262E+00     0.531304765607893E+01     0.186847471628464E+01
     0.786999269029063E+00     0.530442963969202E+01     0.186362269295653E+01
     0.786120006552191E+00     0.529581274922795E+01     0.185877206267097E+01
     0.785240709115274E+00     0.528719703403000E+01     0.185392286647461E+01
     0.784361377845653E+00     0.527858254378195E+01     0.184907514558769E+01
     0.783482013894648E+00     0.526996932850903E+01     0.184422894140137E+01
     0.782602618438195E+00     0.526135743858098E+01     0.183938429547744E+01
     0.781723192677474E+00     0.525274692471503E+01     0.183454124954795E+01
     0.780843737839174E+00     0.524413783797698E+01     0.182969984551215E+01
     0.779964255176239E+00     0.523553022978490E+01     0.182486012543676E+01
     0.779084745968463E+00     0.522692415191207E+01     0.182002213155500E+01
     0.778205211522869E+00     0.521831965648876E+01     0.181518590626409E+01
     0.777325653174514E+00     0.520971679600641E+01     0.181035149212555E+01
     0.776446072287037E+00     0.520111562332036E+01     0.180551893186363E+01
     0.775566470253219E+00     0.519251619165279E+01     0.180068826836369E+01
     0.774686848495759E+00     0.518391855459686E+01     0.179585954467198E+01
     0.773807208467899E+00     0.517532276612001E+01     0.179103280399426E+01
     0.772927551654089E+00     0.516672888056761E+01     0.178620808969453E+01
     0.772047879570786E+00     0.515813695266741E+01     0.178138544529457E+01
     0.771168193767164E+00     0.514954703753342E+01     0.177656491447278E+01
     0.770288495825770E+00     0.514095919066974E+01     0.177174654106246E+01
     0.769408787363562E+00     0.513237346797645E+01     0.176693036905256E+01
     0.768529070032448E+00     0.512378992575281E+01     0.176211644258494E+01
     0.767649345520385E+00     0.511520862070369E+01     0.175730480595517E+01
     0.766769615552033E+00     0.510662960994354E+01     0.175249550361032E+01
     0.765889881889843E+00     0.509805295100289E+01     0.174768858014936E+01
     0.765010146334901E+00     0.508947870183359E+01     0.174288408032185E+01
     0.764130410727869E+00     0.508090692081463E+01     0.173808204902707E+01
     0.763250676949997E+00     0.507233766675848E+01     0.173328253131348E+01
     0.762370946924288E+00     0.506377099891837E+01     0.172848557237894E+01
     0.761491222616393E+00     0.505520697699416E+01     0.172369121756902E+01
     0.760611506035815E+00     0.504664566114008E+01     0.171889951237716E+01
     0.759731799237055E+00     0.503808711197220E+01     0.171411050244413E+01
     0.758852104320732E+00     0.502953139057595E+01     0.170932423355725E+01
     0.757972423435032E+00     0.502097855851553E+01     0.170454075165146E+01
     0.757092758776713E+00     0.501242867784099E+01     0.169976010280726E+01
     0.756213112592645E+00     0.500388181109855E+01     0.169498233325192E+01
     0.755333487181094E+00     0.499533802133943E+01     0.169020748935873E+01
     0.754453884893250E+00     0.498679737213043E+01     0.168543561764764E+01
     0.753574308134617E+00     0.497825992756377E+01     0.168066676478466E+01
     0.752694759366706E+00     0.496972575226880E+01     0.167590097758302E+01
     0.751815241108455E+00     0.496119491142246E+01     0.167113830300209E+01
     0.750935755938182E+00     0.495266747076285E+01     0.166637878814969E+01
     0.750056306495348E+00     0.494414349660056E+01     0.166162248028349E+01
     0.749176895481553E+00     0.493562305583294E+01     0.165686942680281E+01
     0.748297525663793E+00     0.492710621595742E+01     0.165211967526340E+01
     0.747418199875607E+00     0.491859304508690E+01     0.164737327336953E+01
     0.746538921019327E+00     0.491008361196493E+01     0.164263026897707E+01
     0.745659692068206E+00     0.490157798598175E+01     0.163789071009451E+01
     0.744780516068814E+00     0.489307623719213E+01     0.163315464488528E+01
     0.743901396143279E+00     0.488457843633274E+01     0.162842212166862E+01
     0.743022335491762E+00     0.487608465484111E+01     0.162369318892130E+01
     0.742143337395227E+00     0.486759496487660E+01     0.161896789528096E+01
     0.741264405217904E+00     0.485910943934011E+01     0.161424628954667E+01
     0.740385542410346E+00     0.485062815189747E+01     0.160952842068291E+01
     0.739506752512302E+00     0.484215117700226E+01     0.160481433782157E+01
     0.738628039155878E+00     0.483367858992076E+01     0.160010409026523E+01
     0.737749406068857E+00     0.482521046675823E+01     0.159539772749076E+01
     0.736870857078058E+00     0.481674688448599E+01     0.159069529915236E+01
     0.735992396113105E+00     0.480828792097140E+01     0.158599685508644E+01
     0.735114027210183E+00     0.479983365500834E+01     0.158130244531558E+01
     0.734235754516043E+00     0.479138416634977E+01     0.157661212005315E+01
     0.733357582292351E+00     0.478293953574298E+01     0.157192592970923E+01
     0.732479514920040E+00     0.477449984496553E+01     0.156724392489537E+01
     0.731601556904150E+00     0.476606517686485E+01     0.156256615643147E+01
     0.730723712878779E+00     0.475763561539932E+01     0.155789267535216E+01
     0.729845987612371E+00     0.474921124568215E+01     0.155322353291404E+01
     0.728968386013426E+00     0.474079215402874E+01     0.154855878060425E+01
     0.728090913136230E+00     0.473237842800522E+01     0.154389847014764E+01
     0.727213574187339E+00     0.472397015648241E+01     0.153924265351726E+01
     0.726336374532286E+00     0.471556742969239E+01     0.153459138294452E+01
     0.725459319702535E+00     0.470717033928787E+01     0.152994471092902E+01
     0.724582415403180E+00     0.469877897840720E+01     0.152530269025122E+01
     0.723705667521029E+00     0.469039344174333E+01     0.152066537398535E+01
     0.722829082133129E+00     0.468201382561693E+01     0.151603281551282E+01
     0.721952665516080E+00     0.467364022805603E+01     0.151140506853802E+01
     0.721076424155695E+00     0.466527274887977E+01     0.150678218710372E+01
     0.720200364757838E+00     0.465691148979095E+01     0.150216422561077E+01
     0.719324494259385E+00     0.464855655447215E+01     0.149755123883538E+01
     0.718448819840665E+00     0.464020804869274E+01     0.149294328195224E+01
     0.717573348938325E+00     0.463186608042154E+01     0.148834041055632E+01
     0.716698089259468E+00     0.462353075995003E+01     0.148374268068847E+01
     0.715823048796885E+00     0.461520220002553E+01     0.147915014886321E+01
     0.714948235845371E+00     0.460688051599456E+01     0.147456287209813E+01
     0.714073659019604E+00     0.459856582595982E+01     0.146998090794747E+01
     0.713199327273290E+00     0.459025825094924E+01     0.146540431453727E+01
     0.712325249920335E+00     0.458195791510232E+01     0.146083315060624E+01
     0.711451436657423E+00     0.457366494587076E+01     0.145626747554771E+01
     0.710577897589137E+00     0.456537947424043E+01     0.145170734945876E+01
     0.709704643255040E+00     0.455710163497268E+01     0.144715283319198E+01
     0.708831684659755E+00     0.454883156687129E+01     0.144260398841505E+01
     0.707959033305574E+00     0.454056941307406E+01     0.143806087767389E+01
     0.707086701228868E+00     0.453231532137723E+01     0.143352356446582E+01
     0.706214701039899E+00     0.452406944459232E+01     0.142899211331821E+01
     0.705343045967391E+00     0.451583194094459E+01     0.142446658987914E+01
     0.704471749907466E+00     0.450760297451335E+01     0.141994706101492E+01
     0.703600827478885E+00     0.449938271572741E+01     0.141543359492377E+01
     0.702730294084438E+00     0.449117134191784E+01     0.141092626126096E+01
     0.701860165979948E+00     0.448296903794009E+01     0.140642513128059E+01
     0.700990460352303E+00     0.447477599687755E+01     0.140193027799763E+01
     0.700121195407554E+00     0.446659242083778E+01     0.139744177637061E+01
     0.699252390471285E+00     0.445841852186027E+01     0.139295970351156E+01
     0.698384066103417E+00     0.445025452295556E+01     0.138848413892752E+01
     0.697516244229737E+00     0.444210065929855E+01     0.138401516479675E+01
     0.696648948294497E+00     0.443395717961212E+01     0.137955286629329E+01
     0.695782203437169E+00     0.442582434777402E+01     0.137509733196151E+01
     0.694916036699996E+00     0.441770244470297E+01     0.137064865416052E+01
     0.694050477272148E+00     0.440959177058178E+01     0.136620692958640E+01
     0.693185556780279E+00     0.440149264750404E+01     0.136177225989767E+01
     0.692321309636744E+00     0.439340542264970E+01     0.135734475246636E+01
     0.691457773461594E+00     0.438533047213584E+01     0.135292452129259E+01
     0.690594989599040E+00     0.437726820573435E+01     0.134851168812641E+01
     0.689733003757767E+00     0.436921907272566E+01     0.134410638386324E+01
     0.688871866816021E+00     0.436118356926420E+01     0.133970875030430E+01
     0.688011635850023E+00     0.435316224779471E+01     0.133531894241167E+01
     0.687152375472120E+00     0.434515572931381E+01     0.133093713125103E+01
     0.686294159609926E+00     0.433716471968457E+01     0.132656350791530E+01
     0.685437073932665E+00     0.432919003190177E+01     0.132219828889054E+01
     0.684581219262440E+00     0.432123261741893E+01     0.131784172361931E+01
     0.683726716553865E+00     0.431329361190884E+01     0.131349410557204E+01
     0.682873714511566E+00     0.430537440531558E+01     0.130915578922558E+01
     0.682022401975244E+00     0.429747675582768E+01     0.130482721773954E+01
     0.681173029785256E+00     0.428960299123373E+01     0.130050897194206E+01
     0.680325954259173E+00     0.428175640956851E+01     0.129620186797465E+01
     0.679481741805919E+00     0.427394224383834E+01     0.129190719284883E+01
     0.678641539584538E+00     0.426617108274980E+01     0.128762754138061E+01
     0.677809029081651E+00     0.425847690401187E+01     0.128337123091373E+01
     0.676978327120407E+00     0.425080528410929E+01     0.127912486729634E+01
     0.676146999886459E+00     0.424313376256747E+01     0.127488295842555E+01
     0.675315039516918E+00     0.423546230696136E+01     0.127064552444842E+01
     0.674482437923572E+00     0.422779088298919E+01     0.126641258514927E+01
     0.673649186782055E+00     0.422011945438110E+01     0.126218415993084E+01
     0.672815277520377E+00     0.421244798280238E+01     0.125796026779461E+01
     0.671980701306666E+00     0.420477642774997E+01     0.125374092731966E+01
     0.671145449036287E+00     0.419710474644330E+01     0.124952615664140E+01
     0.670309511317766E+00     0.418943289370588E+01     0.124531597342677E+01
     0.669472878457932E+00     0.418176082183981E+01     0.124111039484905E+01
     0.668635540446091E+00     0.417408848049177E+01     0.123690943756125E+01
     0.667797486936734E+00     0.416641581650766E+01     0.123271311766567E+01
     0.666958707231518E+00     0.415874277377947E+01     0.122852145068440E+01
     0.666119190259373E+00     0.415106929307802E+01     0.122433445152437E+01
     0.665278924555461E+00     0.414339531187482E+01     0.122015213444183E+01
     0.664437898238262E+00     0.413572076414894E+01     0.121597451300256E+01
     0.663596098985243E+00     0.412804558018073E+01     0.121180160004121E+01
     0.662753514006117E+00     0.412036968632656E+01     0.120763340761448E+01
     0.661910130014375E+00     0.411269300477756E+01     0.120346994695303E+01
     0.661065933196123E+00     0.410501545329666E+01     0.119931122840749E+01
     0.660220909176472E+00     0.409733694493425E+01     0.119515726139074E+01
     0.659375042982991E+00     0.408965738771917E+01     0.119100805431494E+01
     0.658528319005996E+00     0.408197668432275E+01     0.118686361452321E+01
     0.657680720955033E+00     0.407429473169131E+01     0.118272394821346E+01
     0.656832231812885E+00     0.406661142065140E+01     0.117858906036489E+01
     0.655982833781757E+00     0.405892663546389E+01     0.117445895463451E+01
     0.655132508228234E+00     0.405124025335074E+01     0.117033363326915E+01
     0.654281235620707E+00     0.404355214396705E+01     0.116621309699451E+01
     0.653428995460904E+00     0.403586216882148E+01     0.116209734489536E+01
     0.652575766210080E+00     0.402817018064391E+01     0.115798637429376E+01
     0.651721525202475E+00     0.402047602266695E+01     0.115388018058226E+01
     0.650866248557040E+00     0.401277952785975E+01     0.114977875708719E+01
     0.650009911072708E+00     0.400508051805096E+01     0.114568209487333E+01
     0.649152486116431E+00     0.399737880297037E+01     0.114159018255541E+01
     0.648293945494689E+00     0.398967417916514E+01     0.113750300606464E+01
     0.647434259312810E+00     0.398196642879929E+01     0.113342054840642E+01
     0.646573395815232E+00     0.397425531829814E+01     0.112934278937620E+01
     0.645711321205915E+00     0.396654059682322E+01     0.112526970524026E+01
     0.644847999447240E+00     0.395882199455597E+01     0.112120126838518E+01
     0.643983392028895E+00     0.395109922073900E+01     0.111713744689982E+01
     0.643117457707935E+00     0.394337196145955E+01     0.111307820411698E+01
     0.642250152210597E+00     0.393563987711134E+01     0.110902349808059E+01
     0.641381427890990E+00     0.392790259948643E+01     0.110497328093693E+01
     0.640511233337074E+00     0.392015972842067E+01     0.110092749822616E+01
     0.639639512918163E+00     0.391241082792434E+01     0.109688608808167E+01
     0.638766206250535E+00     0.390465542164904E+01     0.109284898024654E+01
     0.637891247583843E+00     0.389689298762992E+01     0.108881609498949E+01
     0.637014565072060E+00     0.388912295207214E+01     0.108478734178070E+01
     0.636136079913105E+00     0.388134468200502E+01     0.108076261773466E+01
     0.635255705324268E+00     0.387355747653150E+01     0.107674180575207E+01
     0.634373345313354E+00     0.386576055632854E+01     0.107272477228657E+01
     0.633488893195829E+00     0.385795305096027E+01     0.106871136465519E+01
     0.632602229780073E+00     0.385013398337767E+01     0.106470140771076E+01
     0.631713221142519E+00     0.384230225087070E+01     0.106069469978778E+01
     0.630832025543581E+00     0.383454728767180E+01     0.105671180139233E+01
     0.630003045356126E+00     0.382725920947955E+01     0.105284180414101E+01
     0.629173631300915E+00     0.381997455537788E+01     0.104897817054370E+01
     0.628343780767343E+00     0.381269333180972E+01     0.104512092320727E+01
     0.627513491118796E+00     0.380541554494727E+01     0.104127008462627E+01
     0.626682759692065E+00     0.379814120068739E+01     0.103742567718106E+01
     0.625851583797028E+00     0.379087030464864E+01     0.103358772313774E+01
     0.625019960715952E+00     0.378360286216615E+01     0.102975624464579E+01
     0.624187887703218E+00     0.377633887828876E+01     0.102593126373829E+01
     0.623355361984793E+00     0.376907835777477E+01     0.102211280233085E+01
     0.622522380757631E+00     0.376182130508740E+01     0.101830088221998E+01
     0.621688941189134E+00     0.375456772439045E+01     0.101449552508209E+01
     0.620855040416765E+00     0.374731761954482E+01     0.101069675247337E+01
     0.620020675547410E+00     0.374007099410363E+01     0.100690458582823E+01
     0.619185843656778E+00     0.373282785130759E+01     0.100311904645819E+01
     0.618350541788805E+00     0.372558819408035E+01     0.999340155550763E+00
     0.617514766955194E+00     0.371835202502452E+01     0.995567934169247E+00
     0.616678516134655E+00     0.371111934641613E+01     0.991802403250882E+00
     0.615841786272397E+00     0.370389016020042E+01     0.988043583606562E+00
     0.615004574279363E+00     0.369666446798615E+01     0.984291495919149E+00
     0.614166877031641E+00     0.368944227104100E+01     0.980546160742910E+00
     0.613328691369722E+00     0.368222357028596E+01     0.976807598502181E+00
     0.612490014097950E+00     0.367500836629081E+01     0.973075829491198E+00
     0.611650841983587E+00     0.366779665926754E+01     0.969350873871924E+00
     0.610811171756162E+00     0.366058844906523E+01     0.965632751673530E+00
     0.609971000106802E+00     0.365338373516479E+01     0.961921482791907E+00
     0.609130323687286E+00     0.364618251667229E+01     0.958217086987770E+00
     0.608289139109336E+00     0.363898479231339E+01     0.954519583886173E+00
     0.607447442943764E+00     0.363179056042713E+01     0.950828992975393E+00
     0.606605231719622E+00     0.362459981895954E+01     0.947145333605882E+00
     0.605762501923216E+00     0.361741256545671E+01     0.943468624988733E+00
     0.604919249997413E+00     0.361022879705914E+01     0.939798886195767E+00
     0.604075472340516E+00     0.360304851049396E+01     0.936136136157458E+00
     0.603231165305260E+00     0.359587170206771E+01     0.932480393661697E+00
     0.602386325198105E+00     0.358869836766054E+01     0.928831677354247E+00
     0.601540948277814E+00     0.358152850271679E+01     0.925190005735553E+00
     0.600695030754763E+00     0.357436210223920E+01     0.921555397161636E+00
     0.599848568789566E+00     0.356719916077963E+01     0.917927869841480E+00
     0.599001558492078E+00     0.356003967243162E+01     0.914307441836596E+00
     0.598153995920271E+00     0.355288363082225E+01     0.910694131060148E+00
     0.597305877078889E+00     0.354573102910286E+01     0.907087955275016E+00
     0.596457197918323E+00     0.353858185994076E+01     0.903488932093298E+00
     0.595607954333341E+00     0.353143611551024E+01     0.899897078975180E+00
     0.594758142161621E+00     0.352429378748239E+01     0.896312413227012E+00
     0.593907757182605E+00     0.351715486701663E+01     0.892734952001302E+00
     0.593056795115794E+00     0.351001934474920E+01     0.889164712293936E+00
     0.592205251619612E+00     0.350288721078453E+01     0.885601710944720E+00
     0.591353122289562E+00     0.349575845468296E+01     0.882045964634344E+00
     0.590500402656994E+00     0.348863306545140E+01     0.878497489884897E+00
     0.589647088187154E+00     0.348151103153034E+01     0.874956303056820E+00
     0.588793174277766E+00     0.347439234078347E+01     0.871422420348968E+00
     0.587938656257104E+00     0.346727698048454E+01     0.867895857796256E+00
     0.587083529382354E+00     0.346016493730568E+01     0.864376631269136E+00
     0.586227788837639E+00     0.345305619730386E+01     0.860864756471643E+00
     0.585371429732036E+00     0.344595074590725E+01     0.857360248939697E+00
     0.584514447097812E+00     0.343884856790246E+01     0.853863124040897E+00
     0.583656835887977E+00     0.343174964741836E+01     0.850373396971107E+00
     0.582798590974500E+00     0.342465396791302E+01     0.846891082754899E+00
     0.581939707145771E+00     0.341756151215671E+01     0.843416196242406E+00
     0.581080179104420E+00     0.341047226221664E+01     0.839948752108465E+00
     0.580220001464880E+00     0.340338619944013E+01     0.836488764850866E+00
     0.579359168750899E+00     0.339630330443750E+01     0.833036248788761E+00
     0.578497675392847E+00     0.338922355706367E+01     0.829591218060467E+00
     0.577635515725029E+00     0.338214693639965E+01     0.826153686621807E+00
     0.576772683982971E+00     0.337507342073373E+01     0.822723668244817E+00
     0.575909174300278E+00     0.336800298754026E+01     0.819301176514756E+00
     0.575044980705788E+00     0.336093561345979E+01     0.815886224829226E+00
     0.574180097120209E+00     0.335387127427629E+01     0.812478826395181E+00
     0.573314517352953E+00     0.334680994489530E+01     0.809078994227610E+00
     0.572448235098488E+00     0.333975159931921E+01     0.805686741146353E+00
     0.571581243932890E+00     0.333269621062348E+01     0.802302079774627E+00
     0.570713537310130E+00     0.332564375093107E+01     0.798925022536903E+00
     0.569845108557934E+00     0.331859419138466E+01     0.795555581655376E+00
     0.568975950873796E+00     0.331154750211911E+01     0.792193769147949E+00
     0.568106057320773E+00     0.330450365223268E+01     0.788839596825977E+00
     0.567235420822895E+00     0.329746260975590E+01     0.785493076290907E+00
     0.566364034160560E+00     0.329042434162000E+01     0.782154218931752E+00
     0.565491889965524E+00     0.328338881362296E+01     0.778823035921483E+00
     0.564618980716013E+00     0.327635599039578E+01     0.775499538215065E+00
     0.563745298731099E+00     0.326932583536455E+01     0.772183736544821E+00
     0.562870836165254E+00     0.326229831071308E+01     0.768875641417854E+00
     0.561995585002467E+00     0.325527337734274E+01     0.765575263112447E+00
     0.561119537049979E+00     0.324825099482996E+01     0.762282611673827E+00
     0.560242683931823E+00     0.324123112138219E+01     0.758997696910268E+00
     0.559365017082195E+00     0.323421371379233E+01     0.755720528389769E+00
     0.558486527738070E+00     0.322719872738899E+01     0.752451115434476E+00
     0.557607206931862E+00     0.322018611598602E+01     0.749189467116863E+00
     0.556727045483595E+00     0.321317583182916E+01     0.745935592255221E+00
     0.555846033992405E+00     0.320616782553840E+01     0.742689499407566E+00
     0.554964162827982E+00     0.319916204604936E+01     0.739451196867157E+00
     0.554081422121284E+00     0.319215844055012E+01     0.736220692656437E+00
     0.553197801754985E+00     0.318515695441573E+01     0.732997994521766E+00
     0.552313291352992E+00     0.317815753113734E+01     0.729783109925905E+00
     0.551427880269915E+00     0.317116011224974E+01     0.726576046042610E+00
     0.550541557579507E+00     0.316416463725281E+01     0.723376809748847E+00
     0.549654312062637E+00     0.315717104352945E+01     0.720185407617421E+00
     0.548766132194649E+00     0.315017926625899E+01     0.717001845909533E+00
     0.547877006131140E+00     0.314318923832143E+01     0.713826130562734E+00
     0.546986921696059E+00     0.313620089021212E+01     0.710658267194032E+00
     0.546095866363299E+00     0.312921414992140E+01     0.707498261073862E+00
     0.545203827242589E+00     0.312222894283503E+01     0.704346117125963E+00
     0.544310791062124E+00     0.311524519161582E+01     0.701201839914969E+00
     0.543416744150318E+00     0.310826281607919E+01     0.698065433634373E+00
     0.542521672416497E+00     0.310128173306110E+01     0.694936902094140E+00
     0.541625561330500E+00     0.309430185627822E+01     0.691816248708196E+00
     0.540728395900806E+00     0.308732309617829E+01     0.688703476480416E+00
     0.539830160650995E+00     0.308034535977933E+01     0.685598587988574E+00
     0.538930839595240E+00     0.307336855050097E+01     0.682501585370094E+00
     0.538030416211301E+00     0.306639256798032E+01     0.679412470302909E+00
     0.537128873412479E+00     0.305941730787883E+01     0.676331243988841E+00
     0.536226193516760E+00     0.305244266167153E+01     0.673257907131847E+00
     0.535322358214451E+00     0.304546851642441E+01     0.670192459917949E+00
     0.534417348533044E+00     0.303849475455351E+01     0.667134901991690E+00
     0.533511144799424E+00     0.303152125356573E+01     0.664085232430535E+00
     0.532603726600509E+00     0.302454788578650E+01     0.661043449723369E+00
     0.531695072736776E+00     0.301757451804552E+01     0.658009551727571E+00
     0.530785161178572E+00     0.301060101137055E+01     0.654983535653564E+00
     0.529873969013549E+00     0.300362722062914E+01     0.651965398021936E+00
     0.528961472391985E+00     0.299665299415215E+01     0.648955134627388E+00
     0.528047646467574E+00     0.298967817332568E+01     0.645952740499313E+00
     0.527132465332463E+00     0.298270259214493E+01     0.642958209855483E+00
     0.526215901949134E+00     0.297572607674142E+01     0.639971536062748E+00
     0.525297928070326E+00     0.296874844483845E+01     0.636992711565993E+00
     0.524378514161125E+00     0.296176950520478E+01     0.634021727854367E+00
     0.523457629302681E+00     0.295478905700108E+01     0.631058575371263E+00
     0.522535241099881E+00     0.294780688913085E+01     0.628103243476137E+00
     0.521611315567409E+00     0.294082277946401E+01     0.625155720342463E+00
     0.520685817013258E+00     0.293383649402792E+01     0.622215992885228E+00
     0.519758707907341E+00     0.292684778610073E+01     0.619284046665405E+00
     0.518829948738235E+00     0.291985639521968E+01     0.616359865791251E+00
     0.517899497852322E+00     0.291286204607192E+01     0.613443432796504E+00
     0.516967311278919E+00     0.290586444728237E+01     0.610534728519513E+00
     0.516033342534747E+00     0.289886329006067E+01     0.607633731961577E+00
     0.515097542406041E+00     0.289185824669350E+01     0.604740420126662E+00
     0.514159858705701E+00     0.288484896886318E+01     0.601854767842580E+00
     0.513220236005479E+00     0.287783508578580E+01     0.598976747576866E+00
     0.512278615325036E+00     0.287081620206801E+01     0.596106329181643E+00
     0.511334933797719E+00     0.286379189537475E+01     0.593243479675379E+00
     0.510389124279678E+00     0.285676171372572E+01     0.590388162933773E+00
     0.509441114914169E+00     0.284972517246849E+01     0.587540339369194E+00
     0.508490828635168E+00     0.284268175083007E+01     0.584699965559295E+00
     0.507538182600586E+00     0.283563088797919E+01     0.581866993818965E+00
     0.506583087540940E+00     0.282857197850275E+01     0.579041371698665E+00
     0.505625447018385E+00     0.282150436724224E+01     0.576223041440747E+00
     0.504665156556596E+00     0.281442734325342E+01     0.573411939288132E+00
     0.503702102645177E+00     0.280734013286428E+01     0.570607994742352E+00
     0.502736161564398E+00     0.280024189150097E+01     0.567811129637151E+00
     0.501767198015193E+00     0.279313169413727E+01     0.565021257087798E+00
     0.500795063497621E+00     0.278600852399195E+01     0.562238280229247E+00
     0.499910092012329E+00     0.277953311067363E+01     0.559557231150481E+00
     0.499027046863904E+00     0.277308056595689E+01     0.556886985275826E+00
     0.498143310792519E+00     0.276663173279041E+01     0.554224772880174E+00
     0.497258878992422E+00     0.276018658245616E+01     0.551570592879186E+00
     0.496373746582936E+00     0.275374508564692E+01     0.548924444033607E+00
     0.495487908606338E+00     0.274730721245356E+01     0.546286324949791E+00
     0.494601360025387E+00     0.274087293235071E+01     0.543656234079169E+00
     0.493714095720949E+00     0.273444221418258E+01     0.541034169718488E+00
     0.492826110489457E+00     0.272801502614794E+01     0.538420130009801E+00
     0.491937399040265E+00     0.272159133578440E+01     0.535814112940443E+00
     0.491047955992808E+00     0.271517110995180E+01     0.533216116342640E+00
     0.490157775873792E+00     0.270875431481530E+01     0.530626137893774E+00
     0.489266853114147E+00     0.270234091582745E+01     0.528044175116120E+00
     0.488375182045854E+00     0.269593087770931E+01     0.525470225376615E+00
     0.487482756898774E+00     0.268952416443143E+01     0.522904285887208E+00
     0.486589571796956E+00     0.268312073919237E+01     0.520346353703603E+00
     0.485695620755387E+00     0.267672056439865E+01     0.517796425726491E+00
     0.484800897675910E+00     0.267032360164111E+01     0.515254498699963E+00
     0.483905396343584E+00     0.266392981167258E+01     0.512720569212461E+00
     0.483009110422318E+00     0.265753915438239E+01     0.510194633695438E+00
     0.482112033450732E+00     0.265115158877124E+01     0.507676688423719E+00
     0.481214158837544E+00     0.264476707292387E+01     0.505166729514731E+00
     0.480315479856984E+00     0.263838556398137E+01     0.502664752928660E+00
     0.479415989643645E+00     0.263200701811070E+01     0.500170754467246E+00
     0.478515681187444E+00     0.262563139047423E+01     0.497684729773911E+00
     0.477614547328164E+00     0.261925863519698E+01     0.495206674333200E+00
     0.476712580749578E+00     0.261288870533175E+01     0.492736583469593E+00
     0.475809773973611E+00     0.260652155282369E+01     0.490274452347539E+00
     0.474906119353976E+00     0.260015712847219E+01     0.487820275970569E+00
     0.474001609069462E+00     0.259379538189067E+01     0.485374049180216E+00
     0.473096235117128E+00     0.258743626146534E+01     0.482935766655874E+00
     0.472189989304737E+00     0.258107971431010E+01     0.480505422913016E+00
     0.471282863243238E+00     0.257472568622083E+01     0.478083012303020E+00
     0.470374848338465E+00     0.256837412162577E+01     0.475668529011495E+00
     0.469465935782636E+00     0.256202496353405E+01     0.473261967057386E+00
     0.468556116545366E+00     0.255567815348146E+01     0.470863320291962E+00
     0.467645381364027E+00     0.254933363147243E+01     0.468472582397007E+00
     0.466733720733766E+00     0.254299133591966E+01     0.466089746883706E+00
     0.465821124896800E+00     0.253665120357960E+01     0.463714807090712E+00
     0.464907583831348E+00     0.253031316948526E+01     0.461347756183040E+00
     0.463993087239584E+00     0.252397716687244E+01     0.458988587149204E+00
     0.463077624535148E+00     0.251764312710941E+01     0.456637292800614E+00
     0.462161184829975E+00     0.251131097960901E+01     0.454293865768075E+00
     0.461243756920134E+00     0.250498065174851E+01     0.451958298500180E+00
     0.460325329271046E+00     0.249865206877849E+01     0.449630583260952E+00
     0.459405890001519E+00     0.249232515372663E+01     0.447310712126421E+00
     0.458485426867189E+00     0.248599982729689E+01     0.444998676982401E+00
     0.457563927242692E+00     0.247967600776167E+01     0.442694469521109E+00
     0.456641378102961E+00     0.247335361084892E+01     0.440398081238989E+00
     0.455717766002509E+00     0.246703254961421E+01     0.438109503428138E+00
     0.454793077054840E+00     0.246071273431955E+01     0.435828727177866E+00
     0.453867296910155E+00     0.245439407229584E+01     0.433555743372506E+00
     0.452940410729909E+00     0.244807646778815E+01     0.431290542678239E+00
     0.452012403162073E+00     0.244175982180642E+01     0.429033115544618E+00
     0.451083258313364E+00     0.243544403195681E+01     0.426783452197257E+00
     0.450152959720182E+00     0.242912899226491E+01     0.424541542632729E+00
     0.449221490317297E+00     0.242281459298577E+01     0.422307376612050E+00
     0.448288832404533E+00     0.241650072040153E+01     0.420080943654068E+00
     0.447354967611148E+00     0.241018725660504E+01     0.417862233028299E+00
     0.446419876857724E+00     0.240387407926846E+01     0.415651233747177E+00
     0.445483540315488E+00     0.239756106139589E+01     0.413447934558010E+00
     0.444545937362609E+00     0.239124807105804E+01     0.411252323933800E+00
     0.443607046537418E+00     0.238493497110811E+01     0.409064390063509E+00
     0.442666845488362E+00     0.237862161887765E+01     0.406884120841914E+00
     0.441725310920141E+00     0.237230786584960E+01     0.404711503857992E+00
     0.440782418536164E+00     0.236599355730856E+01     0.402546526383335E+00
     0.439838142976606E+00     0.235967853196474E+01     0.400389175359047E+00
     0.438892457751834E+00     0.235336262154995E+01     0.398239437381446E+00
     0.437945335171108E+00     0.234704565038471E+01     0.396097298687458E+00
     0.436996746265844E+00     0.234072743491266E+01     0.393962745138413E+00
     0.436046660707205E+00     0.233440778320083E+01     0.391835762202771E+00
     0.435095046717625E+00     0.232808649440322E+01     0.389716334937766E+00
     0.434141870975755E+00     0.232176335818504E+01     0.387604447969625E+00
     0.433187098514497E+00     0.231543815410543E+01     0.385500085472509E+00
     0.432230692611898E+00     0.230911065095723E+01     0.383403231146846E+00
     0.431272614674154E+00     0.230278060606022E+01     0.381313868195619E+00
     0.430312824110825E+00     0.229644776450805E+01     0.379231979299966E+00
     0.429351278202181E+00     0.229011185836851E+01     0.377157546594499E+00
     0.428387931958259E+00     0.228377260583635E+01     0.375090551640851E+00
     0.427422737970729E+00     0.227742971034413E+01     0.373030975402461E+00
     0.426455646257823E+00     0.227108285963506E+01     0.370978798219202E+00
     0.425486604104847E+00     0.226473172481048E+01     0.368933999786413E+00
     0.424515555899868E+00     0.225837595936557E+01     0.366896559128885E+00
     0.423542442974773E+00     0.225201519824463E+01     0.364866454595315E+00
     0.422567203450645E+00     0.224564905695267E+01     0.362843663848673E+00
     0.421589772101850E+00     0.223927713078615E+01     0.360828163876143E+00
     0.420610080251944E+00     0.223289899427737E+01     0.358819931020406E+00
     0.419628055722795E+00     0.222651420098979E+01     0.356818941041464E+00
     0.418643622870440E+00     0.222012228387777E+01     0.354825169225796E+00
     0.417656702758811E+00     0.221372275653673E+01     0.352838590567074E+00
     0.416667213550066E+00     0.220731511584664E+01     0.350859180053154E+00
     0.415675071237227E+00     0.220089884680829E+01     0.348886913117265E+00
     0.414680190921829E+00     0.219447343086259E+01     0.346921766343494E+00
     0.413682488975621E+00     0.218803835984688E+01     0.344963718579709E+00
     0.412681886671714E+00     0.218159315930704E+01     0.343012752718995E+00
     0.411678316344029E+00     0.217513742790413E+01     0.341068858615601E+00
     0.410671732120821E+00     0.216867090588018E+01     0.339132038068650E+00
     0.409662129470702E+00     0.216219359954923E+01     0.337202313750085E+00
     0.408649583413640E+00     0.215570602439476E+01     0.335279746532942E+00
     0.407634332144247E+00     0.214920973682141E+01     0.333364473333659E+00
     0.406617000081605E+00     0.214270875254537E+01     0.331456808387588E+00
     0.405599538692696E+00     0.213621553303348E+01     0.329557674561121E+00
     0.404587564540470E+00     0.212976583333728E+01     0.327669649382037E+00
     0.403566391935437E+00     0.212326606612094E+01     0.325785847429551E+00
     0.402533012063081E+00     0.211669727644168E+01     0.323905037592423E+00
     0.401486510431422E+00     0.211005389262141E+01     0.322026997241162E+00
     0.400425834424402E+00     0.210332949510470E+01     0.320151463359656E+00
     0.399349761341069E+00     0.209651661978432E+01     0.318278122616060E+00
     0.398256856188619E+00     0.208960649816970E+01     0.316406598171733E+00
     0.397145414873951E+00     0.208258870759697E+01     0.314536431764141E+00
     0.396013386112350E+00     0.207545069019642E+01     0.312667058933797E+00
     0.394858261357892E+00     0.206817707471044E+01     0.310797773817134E+00
     0.393676915111368E+00     0.206074869225645E+01     0.308927677702955E+00
     0.392465365112062E+00     0.205314109784104E+01     0.307055601229390E+00
     0.391218396903542E+00     0.204532225501376E+01     0.305179981683722E+00
     0.390106556151845E+00     0.203836015072286E+01     0.303369516281167E+00
     0.389295356018154E+00     0.203328696498133E+01     0.301686597637973E+00
     0.388480548778826E+00     0.202819693748008E+01     0.300007953170600E+00
     0.387662056986495E+00     0.202308963182517E+01     0.298333587002557E+00
     0.386839800011391E+00     0.201796459343084E+01     0.296663503131643E+00
     0.386013693842153E+00     0.201282134837210E+01     0.294997705414422E+00
     0.385183650869492E+00     0.200765940213907E+01     0.293336197547709E+00
     0.384349579652108E+00     0.200247823828748E+01     0.291678983050588E+00
     0.383511384659993E+00     0.199727731696144E+01     0.290026065237412E+00
     0.382646008732652E+00     0.199191385250756E+01     0.288369006588487E+00
     0.381736870055748E+00     0.198628563383077E+01     0.286702209804232E+00
     0.380823374620159E+00     0.198063705044513E+01     0.285040415611948E+00
     0.379905021672369E+00     0.197496506659125E+01     0.283383487018732E+00
     0.378981342427056E+00     0.196926685598208E+01     0.281731307070105E+00
     0.378051883197614E+00     0.196353969680181E+01     0.280083772249625E+00
     0.377116192664452E+00     0.195778089285248E+01     0.278440787736111E+00
     0.376173811513453E+00     0.195198770977900E+01     0.276802263804270E+00
     0.375224263327227E+00     0.194615731939820E+01     0.275168112920420E+00
     0.374267045957697E+00     0.194028674735012E+01     0.273538247231883E+00
     0.373301622793066E+00     0.193437282044661E+01     0.271912576252995E+00
     0.372327413405052E+00     0.192841211058240E+01     0.270291004584060E+00
     0.371343783060733E+00     0.192240087209545E+01     0.268673429503872E+00
     0.370350030540784E+00     0.191633496921413E+01     0.267059738317897E+00
     0.369345373570408E+00     0.191020978945902E+01     0.265449805279331E+00
     0.368328930982115E+00     0.190402013775066E+01     0.263843487895608E+00
     0.367508464505528E+00     0.189902942344402E+01     0.262304834152937E+00
     0.366785591773454E+00     0.189463702901549E+01     0.260801125978172E+00
     0.366060189358766E+00     0.189023371635747E+01     0.259301087610493E+00
     0.365332216770267E+00     0.188581926644319E+01     0.257804724556268E+00
     0.364601632349613E+00     0.188139345388040E+01     0.256312042396323E+00
     0.363868393219758E+00     0.187695604662780E+01     0.254823046786662E+00
     0.363132455230318E+00     0.187250680569368E+01     0.253337743459377E+00
     0.362393772899189E+00     0.186804548481456E+01     0.251856138222539E+00
     0.361652299350808E+00     0.186357183011437E+01     0.250378236961019E+00
     0.360907986250166E+00     0.185908557974047E+01     0.248904045636546E+00
     0.360160783732487E+00     0.185458646347557E+01     0.247433570287732E+00
     0.359410640328203E+00     0.185007420232324E+01     0.245966817030119E+00
     0.358657502882670E+00     0.184554850806438E+01     0.244503792055854E+00
     0.357901316470294E+00     0.184100908278227E+01     0.243044501633394E+00
     0.357142024302212E+00     0.183645561835223E+01     0.241588952106327E+00
     0.356379567627474E+00     0.183188779589425E+01     0.240137149892858E+00
     0.355613885626333E+00     0.182730528518244E+01     0.238689101483917E+00
     0.354844915295572E+00     0.182270774400915E+01     0.237244813441807E+00
     0.354072591324294E+00     0.181809481749662E+01     0.235804292397474E+00
     0.353296845959791E+00     0.181346613735241E+01     0.234367545048004E+00
     0.352517608861813E+00     0.180882132106044E+01     0.232934578152898E+00
     0.351734806944246E+00     0.180415997100116E+01     0.231505398529931E+00
     0.350948364203027E+00     0.179948167347824E+01     0.230080013050787E+00
     0.350158201524997E+00     0.179478599771572E+01     0.228658428630950E+00
     0.349364236484347E+00     0.179007249463903E+01     0.227240652227794E+00
     0.348566383112730E+00     0.178534069564710E+01     0.225826690827763E+00
     0.347764551648446E+00     0.178059011120038E+01     0.224416551436376E+00
     0.346958648257848E+00     0.177582022926520E+01     0.223010241064964E+00
     0.346148574725425E+00     0.177103051358146E+01     0.221607766714973E+00
     0.345334228107303E+00     0.176622040172398E+01     0.220209135358923E+00
     0.344515500342031E+00     0.176138930292252E+01     0.218814353917494E+00
     0.343692277810817E+00     0.175653659559644E+01     0.217423429231457E+00
     0.342864440838132E+00     0.175166162455130E+01     0.216036368028396E+00
     0.342031863120248E+00     0.174676369776862E+01     0.214653176881349E+00
     0.341194411066835E+00     0.174184208271429E+01     0.213273862158183E+00
     0.340351943037477E+00     0.173689600195348E+01     0.211898429960194E+00
     0.339504308444284E+00     0.173192462827856E+01     0.210526886043565E+00
     0.338657007740744E+00     0.172696023216830E+01     0.209160450667296E+00
     0.337826781544275E+00     0.172210077363199E+01     0.207802617846154E+00
     0.336991447786652E+00     0.171721630895410E+01     0.206448573378989E+00
     0.336150845809454E+00     0.171230595604618E+01     0.205098322521747E+00
     0.335304805246349E+00     0.170736877907430E+01     0.203751870325156E+00
     0.334453145144319E+00     0.170240378357484E+01     0.202409221594236E+00
     0.333595672978205E+00     0.169740991097663E+01     0.201070380840659E+00
     0.332732183542697E+00     0.169238603244012E+01     0.199735352227948E+00
     0.331862457702545E+00     0.168733094190633E+01     0.198404139508327E+00
     0.330986260977264E+00     0.168224334822512E+01     0.197076745947729E+00
     0.330103341934107E+00     0.167712186621473E+01     0.195753174241525E+00
     0.329213430354220E+00     0.167196500645337E+01     0.194433426407357E+00
     0.328316235134310E+00     0.166677116360568E+01     0.193117503672785E+00
     0.327411441872611E+00     0.166153860298087E+01     0.191805406330603E+00
     0.326498710080700E+00     0.165626544500888E+01     0.190497133573143E+00
     0.325577669946729E+00     0.165094964721471E+01     0.189192683293988E+00
     0.324647918558521E+00     0.164558898318055E+01     0.187892051851298E+00
     0.323709015471455E+00     0.164018101785377E+01     0.186595233783191E+00
     0.322760477476457E+00     0.163472307839281E+01     0.185302221464392E+00
     0.321801772383470E+00     0.162921221952052E+01     0.184013004689000E+00
     0.320832311583474E+00     0.162364518206194E+01     0.182727570160565E+00
     0.319851441081017E+00     0.161801834294741E+01     0.181445900863506E+00
     0.318858430593885E+00     0.161232765442699E+01     0.180167975283709E+00
     0.317852460183024E+00     0.160656856949892E+01     0.178893766432652E+00
     0.316832603690530E+00     0.160073594951801E+01     0.177623240613844E+00
     0.315797807999744E+00     0.159482394847587E+01     0.176356355847957E+00
     0.314746866749005E+00     0.158882586630792E+01     0.175093059838075E+00
     0.313678386566471E+00     0.158273396042901E+01     0.173833287305974E+00
     0.312590743042847E+00     0.157653919994474E+01     0.172576956454259E+00
     0.311482022342753E+00     0.157023093962946E+01     0.171323964186908E+00
     0.310349942267218E+00     0.156379647908468E+01     0.170074179534099E+00
     0.309191743150904E+00     0.155722045332489E+01     0.168827434399663E+00
     0.308004033158276E+00     0.155048396849160E+01     0.167583510214073E+00
     0.306782562222707E+00     0.154356333868905E+01     0.166342118092214E+00
     0.305521879672622E+00     0.153642817254552E+01     0.165102868278298E+00
     0.304214792662312E+00     0.152903834598258E+01     0.163865220989119E+00
     0.302851462085739E+00     0.152133894767912E+01     0.162628403014213E+00
     0.301417785779718E+00     0.151325123829880E+01     0.161391256096941E+00
     0.299892230867583E+00     0.150465493438295E+01     0.160151935048533E+00
     0.298794028876008E+00     0.149847286665943E+01     0.158973643979857E+00
     0.298130778232687E+00     0.149474291885179E+01     0.157852234828288E+00
     0.297466076989898E+00     0.149100795863338E+01     0.156733793795470E+00
     0.296799913027767E+00     0.148726792713613E+01     0.155618323587019E+00
     0.296132274068062E+00     0.148352276474687E+01     0.154505826948874E+00
     0.295463147671120E+00     0.147977241109268E+01     0.153396306667728E+00
     0.294792521232910E+00     0.147601680502671E+01     0.152289765571980E+00
     0.294120381981691E+00     0.147225588461247E+01     0.151186206531940E+00
     0.293446716974774E+00     0.146848958710837E+01     0.150085632460488E+00
     0.292771513095186E+00     0.146471784895181E+01     0.148988046313701E+00
     0.292094757048266E+00     0.146094060574287E+01     0.147893451091557E+00
     0.291416435358085E+00     0.145715779222729E+01     0.146801849838438E+00
     0.290736534363839E+00     0.145336934227928E+01     0.145713245643821E+00
     0.290055040216031E+00     0.144957518888342E+01     0.144627641642719E+00
     0.289371938872850E+00     0.144577526411704E+01     0.143545041016797E+00
     0.288687216096020E+00     0.144196949913073E+01     0.142465446994563E+00
     0.288000857446816E+00     0.143815782412930E+01     0.141388862852186E+00
     0.287312848281991E+00     0.143434016835207E+01     0.140315291914375E+00
     0.286623173749448E+00     0.143051646005238E+01     0.139244737554974E+00
     0.285931818783783E+00     0.142668662647634E+01     0.138177203197540E+00
     0.285238768101904E+00     0.142285059384167E+01     0.137112692316401E+00
     0.284544006198270E+00     0.141900828731510E+01     0.136051208437164E+00
     0.283847517340056E+00     0.141515963098936E+01     0.134992755137377E+00
     0.283149285562455E+00     0.141130454786029E+01     0.133937336047809E+00
     0.282449294663334E+00     0.140744295980173E+01     0.132884954852662E+00
     0.281747528198248E+00     0.140357478754128E+01     0.131835615290898E+00
     0.281043969474900E+00     0.139969995063401E+01     0.130789321156731E+00
     0.280338601547699E+00     0.139581836743626E+01     0.129746076300677E+00
     0.279631407211984E+00     0.139192995507805E+01     0.128705884630309E+00
     0.278922368998178E+00     0.138803462943502E+01     0.127668750111199E+00
     0.278211469165841E+00     0.138413230509976E+01     0.126634676768104E+00
     0.277498689697144E+00     0.138022289535088E+01     0.125603668685312E+00
     0.276784012290665E+00     0.137630631212295E+01     0.124575730008124E+00
     0.276067418354711E+00     0.137238246597440E+01     0.123550864943770E+00
     0.275348889000291E+00     0.136845126605414E+01     0.122529077762093E+00
     0.274628405034214E+00     0.136451262006806E+01     0.121510372796937E+00
     0.273905946951734E+00     0.136056643424382E+01     0.120494754447137E+00
     0.273181494928864E+00     0.135661261329409E+01     0.119482227177322E+00
     0.272455028814769E+00     0.135265106037971E+01     0.118472795519432E+00
     0.271726528123522E+00     0.134868167707032E+01     0.117466464073471E+00
     0.270995972025950E+00     0.134470436330488E+01     0.116463237509059E+00
     0.270263339340856E+00     0.134071901734967E+01     0.115463120566294E+00
     0.269528608526129E+00     0.133672553575552E+01     0.114466118057018E+00
     0.268791757669644E+00     0.133272381331377E+01     0.113472234866330E+00
     0.268052764479563E+00     0.132871374300984E+01     0.112481475953556E+00
     0.267311606274503E+00     0.132469521597580E+01     0.111493846353664E+00
     0.266568259973425E+00     0.132066812144145E+01     0.110509351178873E+00
     0.265822702084789E+00     0.131663234668245E+01     0.109527995619552E+00
     0.265074908695797E+00     0.131258777696809E+01     0.108549784946076E+00
     0.264324855460772E+00     0.130853429550568E+01     0.107574724509940E+00
     0.263572517589669E+00     0.130447178338451E+01     0.106602819745741E+00
     0.262817869835465E+00     0.130040011951565E+01     0.105634076172132E+00
     0.262060886481217E+00     0.129631918057006E+01     0.104668499393001E+00
     0.261301541328460E+00     0.129222884091915E+01     0.103706095102044E+00
     0.260539807681171E+00     0.128812897256224E+01     0.102746869080159E+00
     0.259775658332933E+00     0.128401944506157E+01     0.101790827199779E+00
     0.259009065551765E+00     0.127990012546970E+01     0.100837975425986E+00
     0.258240001064846E+00     0.127577087825547E+01     0.998883198185786E-01
     0.257468436042363E+00     0.127163156522610E+01     0.989418665337035E-01
     0.256694341080872E+00     0.126748204544666E+01     0.979986218258761E-01
     0.255917686185997E+00     0.126332217515622E+01     0.970585920500829E-01
     0.255138440754154E+00     0.125915180767972E+01     0.961217836634898E-01
     0.254356573553943E+00     0.125497079333743E+01     0.951882032280269E-01
     0.253572052706264E+00     0.125077897934906E+01     0.942578574121403E-01
     0.252784845663927E+00     0.124657620973473E+01     0.933307529932735E-01
     0.251994919190297E+00     0.124236232521140E+01     0.924068968602684E-01
     0.251202239336772E+00     0.123813716308397E+01     0.914862960154660E-01
     0.250406771419544E+00     0.123390055713235E+01     0.905689575773857E-01
     0.249608479995169E+00     0.122965233749299E+01     0.896548887832612E-01
     0.248807328835070E+00     0.122539233053504E+01     0.887440969917424E-01
     0.248003280898567E+00     0.122112035872985E+01     0.878365896851991E-01
     0.247196298305272E+00     0.121683624051623E+01     0.869323744732242E-01
     0.246386342305442E+00     0.121253979015701E+01     0.860314590949800E-01
     0.245573373249985E+00     0.120823081759173E+01     0.851338514235084E-01
     0.244757350556032E+00     0.120390912827373E+01     0.842395594651580E-01
     0.243938232675957E+00     0.119957452301358E+01     0.833485913677419E-01
     0.243115977060072E+00     0.119522679780115E+01     0.824609554209379E-01
     0.242290540119509E+00     0.119086574362437E+01     0.815766600602291E-01
     0.241461877187046E+00     0.118649114627823E+01     0.806957138708135E-01
     0.240629942475645E+00     0.118210278616293E+01     0.798181255912476E-01
     0.239794689034785E+00     0.117770043807122E+01     0.789439041172748E-01
     0.238956068704432E+00     0.117328387096415E+01     0.780730585058068E-01
     0.238114032066488E+00     0.116885284773437E+01     0.772055979791047E-01
     0.237268528393736E+00     0.116440712495682E+01     0.763415319294829E-01
     0.236419505595340E+00     0.115994645262335E+01     0.754808699232965E-01
     0.235566910160207E+00     0.115547057386506E+01     0.746236217067649E-01
     0.234710687094886E+00     0.115097922465194E+01     0.737697972086011E-01
     0.233850779860901E+00     0.114647213348349E+01     0.729194065477846E-01
     0.232987130305449E+00     0.114194902105230E+01     0.720724600371691E-01
     0.232119678589794E+00     0.113740959989244E+01     0.712289681903890E-01
     0.231248363111028E+00     0.113285357399934E+01     0.703889417257181E-01
     0.230373120421631E+00     0.112828063843345E+01     0.695523915745364E-01
     0.229493885141161E+00     0.112369047889014E+01     0.687193288860487E-01
     0.228610589863571E+00     0.111908277124527E+01     0.678897650345900E-01
     0.227723165057246E+00     0.111445718106684E+01     0.670637116256944E-01
     0.226831538960773E+00     0.110981336310056E+01     0.662411805065167E-01
     0.225935637466114E+00     0.110515096070339E+01     0.654221837687072E-01
     0.225035383998987E+00     0.110046960525280E+01     0.646067337599594E-01
     0.224130699387575E+00     0.109576891550387E+01     0.637948430917093E-01
     0.223221501721805E+00     0.109104849689924E+01     0.629865246478394E-01
     0.222307706202180E+00     0.108630794082698E+01     0.621817915942529E-01
     0.221389224976912E+00     0.108154682382163E+01     0.613806573881616E-01
     0.220465966964099E+00     0.107676470668874E+01     0.605831357908105E-01
     0.219537837665063E+00     0.107196113359132E+01     0.597892408745048E-01
     0.218604738954808E+00     0.106713563101561E+01     0.589989870387630E-01
     0.217666568857551E+00     0.106228770667311E+01     0.582123890178901E-01
     0.216723221307546E+00     0.105741684831568E+01     0.574294619004439E-01
     0.215774585879556E+00     0.105252252241702E+01     0.566502211373427E-01
     0.214820547501161E+00     0.104760417275302E+01     0.558746825592873E-01
     0.213860986135951E+00     0.104266121884181E+01     0.551028623924944E-01
     0.212895776436180E+00     0.103769305423249E+01     0.543347772754948E-01
     0.211924787360443E+00     0.103269904462221E+01     0.535704442762979E-01
     0.210947881754120E+00     0.102767852578571E+01     0.528098809131111E-01
     0.209964915884440E+00     0.102263080128295E+01     0.520531051744508E-01
     0.208975738924318E+00     0.101755513991544E+01     0.513001355391677E-01
     0.207980192384250E+00     0.101245077291578E+01     0.505509910051472E-01
     0.206978109471189E+00     0.100731689079004E+01     0.498056911091559E-01
     0.205969314380057E+00     0.100215263981228E+01     0.490642559592401E-01
     0.204953621493577E+00     0.996957118074383E+00     0.483267062622513E-01
     0.203930834484678E+00     0.991729371048057E+00     0.475930633576426E-01
     0.202900745300683E+00     0.986468386563775E+00     0.468633492518570E-01
     0.201863133014071E+00     0.981173089123108E+00     0.461375866595721E-01
     0.200817762507259E+00     0.975842333398734E+00     0.454157990407463E-01
     0.199764382976796E+00     0.970474896823347E+00     0.446980106527757E-01
     0.198702726206739E+00     0.965069471044849E+00     0.439842465989097E-01
     0.197632504574845E+00     0.959624652053703E+00     0.432745328834076E-01
     0.196553408739772E+00     0.954138928720599E+00     0.425688964773160E-01
     0.195529896243087E+00     0.948939730235012E+00     0.418683294797777E-01
     0.194544716855220E+00     0.943939128419096E+00     0.411722310674934E-01
     0.193553139164259E+00     0.938909890516123E+00     0.404798614157799E-01
     0.192555011191321E+00     0.933851290882183E+00     0.397912407832960E-01
     0.191550174206243E+00     0.928762571366081E+00     0.391063899635340E-01
     0.190538462258969E+00     0.923642939038264E+00     0.384253303089217E-01
     0.189519701665215E+00     0.918491563697575E+00     0.377480837562316E-01
     0.188493710441007E+00     0.913307575129079E+00     0.370746728540509E-01
     0.187460297679160E+00     0.908090060079489E+00     0.364051207920677E-01
     0.186419262860156E+00     0.902838058913145E+00     0.357394514327127E-01
     0.185370395088173E+00     0.897550561903679E+00     0.350776893450547E-01
     0.184313472241930E+00     0.892226505110618E+00     0.344198598416393E-01
     0.183248260027625E+00     0.886864765779210E+00     0.337659890181359E-01
     0.182174510919369E+00     0.881464157191962E+00     0.331161037963830E-01
     0.181091962969612E+00     0.876023422886539E+00     0.324702319712153E-01
     0.180000338468581E+00     0.870541230137627E+00     0.318284022613898E-01
     0.178899342427722E+00     0.865016162580556E+00     0.311906443653280E-01
     0.177788660856825E+00     0.859446711828546E+00     0.305569890221848E-01
     0.176667958797916E+00     0.853831267903457E+00     0.299274680789359E-01
     0.175536878070935E+00     0.848168108260068E+00     0.293021145643566E-01
     0.174395034675756E+00     0.842455385132941E+00     0.286809627710015E-01
     0.173242015781583E+00     0.836691110868936E+00     0.280640483462339E-01
     0.172077376217617E+00     0.830873140824342E+00     0.274514083938302E-01
     0.170900634356148E+00     0.824999153294694E+00     0.268430815877133E-01
     0.169711267249840E+00     0.819066625800911E+00     0.262391083002899E-01
     0.168508704844767E+00     0.813072806859552E+00     0.256395307476111E-01
     0.167292323037413E+00     0.807014682103389E+00     0.250443931544570E-01
     0.166061435271017E+00     0.800888933261773E+00     0.244537419438714E-01
     0.164815282264214E+00     0.794691888009771E+00     0.238676259554844E-01
     0.163553019322305E+00     0.788419457996312E+00     0.232860966991962E-01
     0.162273700477429E+00     0.782067061362382E+00     0.227092086520051E-01
     0.160976258396547E+00     0.775629524557273E+00     0.221370196115774E-01
     0.159659478568718E+00     0.769100956163704E+00     0.215695911136444E-01
     0.158321965569457E+00     0.762474581954529E+00     0.210069889407560E-01
     0.156962098156151E+00     0.755742525285655E+00     0.204492837424814E-01
     0.155577968200455E+00     0.748895508371882E+00     0.198965518058102E-01
     0.154167295569338E+00     0.741922435815823E+00     0.193488760268234E-01
     0.152727306020188E+00     0.734809797040883E+00     0.188063471599474E-01
     0.151254549970364E+00     0.727540779186532E+00     0.182690654588456E-01
     0.149744622254405E+00     0.720093895077427E+00     0.177371428871815E-01
     0.148191706378665E+00     0.712440751539575E+00     0.172107061855951E-01
     0.146587784713519E+00     0.704542181203206E+00     0.166899012775893E-01
     0.144921151219271E+00     0.696340957146342E+00     0.161748998565451E-01
     0.143173273002675E+00     0.687746416901969E+00     0.156659096657585E-01
     0.141310956063701E+00     0.678596074664476E+00     0.151631909876732E-01
     0.139260415704259E+00     0.668528547383353E+00     0.146670794936296E-01
     0.137236629155118E+00     0.658599457177719E+00     0.141790174400387E-01
     0.135869258375190E+00     0.651896113114575E+00     0.136986948340901E-01
     0.134485499327025E+00     0.645117440537632E+00     0.132233104588253E-01
     0.133084706687815E+00     0.638260394154758E+00     0.127529202468217E-01
     0.131666191121463E+00     0.631321720244089E+00     0.122875824553925E-01
     0.130229214948983E+00     0.624297936113463E+00     0.118273578272791E-01
     0.128772987247805E+00     0.617185306849266E+00     0.113723097678085E-01
     0.127296658292616E+00     0.609979818939293E+00     0.109225045396101E-01
     0.125799313229008E+00     0.602677150249645E+00     0.104780114798705E-01
     0.124279964841035E+00     0.595272635702694E+00     0.100389032380786E-01
     0.122737545255846E+00     0.587761227902375E+00     0.960525604365953E-02
     0.121170896382985E+00     0.580137451750893E+00     0.917715000331481E-02
     0.119578758846445E+00     0.572395351904900E+00     0.875466943453959E-02
     0.117959759108398E+00     0.564528431640481E+00     0.833790324085972E-02
     0.116312394409896E+00     0.556529581346147E+00     0.792694533557477E-02
     0.114635015059140E+00     0.548390994412326E+00     0.752189512263308E-02
     0.112925803473020E+00     0.540104067692598E+00     0.712285804459128E-02
     0.111182749214732E+00     0.531659282936573E+00     0.672994621064512E-02
     0.109403619051143E+00     0.523046064553137E+00     0.634327911989658E-02
     0.107585920760704E+00     0.514252607669190E+00     0.596298449970902E-02
     0.105726859020963E+00     0.505265668538960E+00     0.558919928349202E-02
     0.103823281150845E+00     0.496070306724265E+00     0.522207075937861E-02
     0.101871609704470E+00     0.486649564763931E+00     0.486175793013102E-02
     0.998677578035448E-01     0.476984065772190E+00     0.450843313679258E-02
     0.978070214843235E-01     0.467051501741832E+00     0.416228401595936E-02
     0.956839409487999E-01     0.456825973976320E+00     0.382351588408526E-02
     0.934921189971904E-01     0.446277129888557E+00     0.349235467624367E-02
     0.912239793148786E-01     0.435369013742214E+00     0.316905061725326E-02
     0.888704383445427E-01     0.424058506364510E+00     0.285388287753603E-02
     0.864204497471988E-01     0.412293158788276E+00     0.254716557985238E-02
     0.838603553114879E-01     0.400008105126532E+00     0.224925571041621E-02
     0.811729313463210E-01     0.387121526690427E+00     0.196056378166198E-02
     0.783359356508252E-01     0.373527739880064E+00     0.168156861815682E-02
     0.753197931814091E-01     0.359086185720377E+00     0.141283856966933E-02
     0.720837011764881E-01     0.343602898073072E+00     0.115506325874343E-02
     0.685685957946748E-01     0.326797035544895E+00     0.909103720448686E-03
     0.646832026933466E-01     0.308234496646481E+00     0.676077434827125E-03
     0.602724660627863E-01     0.287177658853480E+00     0.457517560513139E-03
     0.550299814639622E-01     0.262168560457495E+00     0.255719331057385E-03
     0.481450756443951E-01     0.229348808962916E+00     0.747205491577484E-04
