     0.109536894318241E+01     0.103611876490114E+02     0.132017555531949E+01
     0.109473965991991E+01     0.103534541403236E+02     0.131793649032485E+01
     0.109410990751677E+01     0.103457158156904E+02     0.131569822374959E+01
     0.109347967770844E+01     0.103379725676788E+02     0.131346076612586E+01
     0.109284896193023E+01     0.103302242851967E+02     0.131122412856368E+01
     0.109221775130199E+01     0.103224708532991E+02     0.130898832279028E+01
     0.109158603661084E+01     0.103147121529778E+02     0.130675336118506E+01
     0.109095380829262E+01     0.103069480609367E+02     0.130451925681673E+01
     0.109032105641199E+01     0.102991784493501E+02     0.130228602348292E+01
     0.108968777064105E+01     0.102914031856031E+02     0.130005367575299E+01
     0.108905394023639E+01     0.102836221320132E+02     0.129782222901462E+01
     0.108841955401435E+01     0.102758351455291E+02     0.129559169952295E+01
     0.108778460032432E+01     0.102680420774078E+02     0.129336210445455E+01
     0.108714906702004E+01     0.102602427728648E+02     0.129113346196563E+01
     0.108651294142838E+01     0.102524370706961E+02     0.128890579125357E+01
     0.108587621031574E+01     0.102446248028699E+02     0.128667911262591E+01
     0.108523885985157E+01     0.102368057940834E+02     0.128445344757305E+01
     0.108460087556869E+01     0.102289798612822E+02     0.128222881884835E+01
     0.108396224232037E+01     0.102211468131377E+02     0.128000525055511E+01
     0.108332294423341E+01     0.102133064494784E+02     0.127778276824115E+01
     0.108268296465692E+01     0.102054585606691E+02     0.127556139900106E+01
     0.108204228610675E+01     0.101976029269341E+02     0.127334117159054E+01
     0.108140089020417E+01     0.101897393176154E+02     0.127112211654822E+01
     0.108075875760912E+01     0.101818674903605E+02     0.126890426633234E+01
     0.108011586794655E+01     0.101739871902296E+02     0.126668765546866E+01
     0.107947219972556E+01     0.101660981487140E+02     0.126447232071447E+01
     0.107882773025015E+01     0.101582000826530E+02     0.126225830123918E+01
     0.107818243552062E+01     0.101502926930371E+02     0.126004563882435E+01
     0.107753629012438E+01     0.101423756636835E+02     0.125783437808508E+01
     0.107688926711461E+01     0.101344486597634E+02     0.125562456671517E+01
     0.107624133787537E+01     0.101265113261656E+02     0.125341625576204E+01
     0.107559247197098E+01     0.101185632856685E+02     0.125120949993157E+01
     0.107494263697815E+01     0.101106041368980E+02     0.124900435793731E+01
     0.107429179829414E+01     0.101026334520253E+02     0.124680089285789E+01
     0.107363991892810E+01     0.100946507741968E+02     0.124459917260954E+01
     0.107298695925789E+01     0.100866556146114E+02     0.124239927040772E+01
     0.107233287675864E+01     0.100786474492198E+02     0.124020126532844E+01
     0.107167762569307E+01     0.100706257149701E+02     0.123800524293730E+01
     0.107102115675835E+01     0.100625898055237E+02     0.123581129600932E+01
     0.107036341668141E+01     0.100545390663473E+02     0.123361952535369E+01
     0.106970434775301E+01     0.100464727890644E+02     0.123143004076117E+01
     0.106904388728970E+01     0.100383902049292E+02     0.122924296210314E+01
     0.106838196700868E+01     0.100302904772467E+02     0.122705842060611E+01
     0.106771851229792E+01     0.100221726925245E+02     0.122487656033971E+01
     0.106705344135979E+01     0.100140358500884E+02     0.122269753996666E+01
     0.106638666419958E+01     0.100058788498210E+02     0.122052153480750E+01
     0.106571808142374E+01     0.999770047759265E+01     0.121834873929597E+01
     0.106504758280188E+01     0.998949938783093E+01     0.121617936991818E+01
     0.106437504553356E+01     0.998127408251059E+01     0.121401366875770E+01
     0.106370033214173E+01     0.997302288562236E+01     0.121185190780399E+01
     0.106302328789037E+01     0.996474391187380E+01     0.120969439423903E+01
     0.106234373758737E+01     0.995643502794356E+01     0.120754147698282E+01
     0.106166148158430E+01     0.994809380400501E+01     0.120539355488744E+01
     0.106097629071199E+01     0.993971745235610E+01     0.120325108711639E+01
     0.106028789978433E+01     0.993130274870132E+01     0.120111460646757E+01
     0.105959599914080E+01     0.992284592968424E+01     0.119898473671103E+01
     0.105890022345534E+01     0.991434255729433E+01     0.119686221556002E+01
     0.105820013664619E+01     0.990578733603685E+01     0.119474792566505E+01
     0.105749521108031E+01     0.989717386103375E+01     0.119264293728920E+01
     0.105678479820840E+01     0.988849426227601E+01     0.119054856868139E+01
     0.105606808585651E+01     0.987973868730658E+01     0.118846647385311E+01
     0.105534403393634E+01     0.987089452251018E+01     0.118639877480037E+01
     0.105461127352936E+01     0.986194517084413E+01     0.118434826913363E+01
     0.105386794008466E+01     0.985286803167293E+01     0.118231877342420E+01
     0.105311137903839E+01     0.984363093567482E+01     0.118031572943090E+01
     0.105233757948649E+01     0.983418528673140E+01     0.117834737084807E+01
     0.105153994657330E+01     0.982445119653245E+01     0.117642725368660E+01
     0.105074423063427E+01     0.981473791269658E+01     0.117450364967017E+01
     0.105015658099008E+01     0.980752922388293E+01     0.117215884904401E+01
     0.104956875451475E+01     0.980031889744989E+01     0.116981394943009E+01
     0.104898075018369E+01     0.979310691704912E+01     0.116746894614128E+01
     0.104839256696095E+01     0.978589326620089E+01     0.116512383450331E+01
     0.104780420379889E+01     0.977867792829142E+01     0.116277860985437E+01
     0.104721565963808E+01     0.977146088657092E+01     0.116043326754621E+01
     0.104662693340704E+01     0.976424212415091E+01     0.115808780294420E+01
     0.104603802402208E+01     0.975702162400193E+01     0.115574221142787E+01
     0.104544893038699E+01     0.974979936895063E+01     0.115339648839076E+01
     0.104485965139289E+01     0.974257534167748E+01     0.115105062924136E+01
     0.104427018591801E+01     0.973534952471410E+01     0.114870462940345E+01
     0.104368053282738E+01     0.972812190044012E+01     0.114635848431592E+01
     0.104309069097261E+01     0.972089245108070E+01     0.114401218943365E+01
     0.104250065919174E+01     0.971366115870367E+01     0.114166574022817E+01
     0.104191043630884E+01     0.970642800521618E+01     0.113931913218722E+01
     0.104132002113385E+01     0.969919297236202E+01     0.113697236081593E+01
     0.104072941246225E+01     0.969195604171814E+01     0.113462542163665E+01
     0.104013860907482E+01     0.968471719469174E+01     0.113227831018984E+01
     0.103954760973739E+01     0.967747641251686E+01     0.112993102203451E+01
     0.103895641320045E+01     0.967023367625077E+01     0.112758355274804E+01
     0.103836501819897E+01     0.966298896677075E+01     0.112523589792735E+01
     0.103777342345204E+01     0.965574226477053E+01     0.112288805318932E+01
     0.103718162766251E+01     0.964849355075613E+01     0.112054001417035E+01
     0.103658962951677E+01     0.964124280504271E+01     0.111819177652808E+01
     0.103599742768436E+01     0.963399000775029E+01     0.111584333594117E+01
     0.103540502081761E+01     0.962673513879970E+01     0.111349468810970E+01
     0.103481240755138E+01     0.961947817790880E+01     0.111114582875628E+01
     0.103421958650255E+01     0.961221910458779E+01     0.110879675362571E+01
     0.103362655626984E+01     0.960495789813524E+01     0.110644745848631E+01
     0.103303331543328E+01     0.959769453763344E+01     0.110409793913012E+01
     0.103243986255392E+01     0.959042900194380E+01     0.110174819137337E+01
     0.103184619617336E+01     0.958316126970211E+01     0.109939821105720E+01
     0.103125231481338E+01     0.957589131931365E+01     0.109704799404814E+01
     0.103065821697550E+01     0.956861912894816E+01     0.109469753623873E+01
     0.103006390114058E+01     0.956134467653477E+01     0.109234683354831E+01
     0.102946936576829E+01     0.955406793975635E+01     0.108999588192306E+01
     0.102887460929672E+01     0.954678889604434E+01     0.108764467733720E+01
     0.102827963014192E+01     0.953950752257309E+01     0.108529321579375E+01
     0.102768442669732E+01     0.953222379625368E+01     0.108294149332436E+01
     0.102708899733332E+01     0.952493769372831E+01     0.108058950599094E+01
     0.102649334039671E+01     0.951764919136378E+01     0.107823724988561E+01
     0.102589745421019E+01     0.951035826524540E+01     0.107588472113206E+01
     0.102530133707173E+01     0.950306489117009E+01     0.107353191588564E+01
     0.102470498725411E+01     0.949576904463981E+01     0.107117883033465E+01
     0.102410840300424E+01     0.948847070085433E+01     0.106882546070059E+01
     0.102351158254260E+01     0.948116983470416E+01     0.106647180323940E+01
     0.102291452406263E+01     0.947386642076309E+01     0.106411785424218E+01
     0.102231722573001E+01     0.946656043328016E+01     0.106176361003553E+01
     0.102171968568213E+01     0.945925184617216E+01     0.105940906698331E+01
     0.102112190202722E+01     0.945194063301488E+01     0.105705422148649E+01
     0.102052387284381E+01     0.944462676703497E+01     0.105469906998478E+01
     0.101992559617989E+01     0.943731022110096E+01     0.105234360895727E+01
     0.101932707005219E+01     0.942999096771418E+01     0.104998783492337E+01
     0.101872829244542E+01     0.942266897899946E+01     0.104763174444405E+01
     0.101812926131139E+01     0.941534422669511E+01     0.104527533412218E+01
     0.101752997456825E+01     0.940801668214324E+01     0.104291860060446E+01
     0.101693043009958E+01     0.940068631627907E+01     0.104056154058191E+01
     0.101633062575344E+01     0.939335309961993E+01     0.103820415079058E+01
     0.101573055934159E+01     0.938601700225473E+01     0.103584642801390E+01
     0.101513022863840E+01     0.937867799383189E+01     0.103348836908290E+01
     0.101452963137984E+01     0.937133604354717E+01     0.103112997087712E+01
     0.101392876526259E+01     0.936399112013191E+01     0.102877123032702E+01
     0.101332762794282E+01     0.935664319183951E+01     0.102641214441420E+01
     0.101272621703518E+01     0.934929222643253E+01     0.102405271017344E+01
     0.101212453011158E+01     0.934193819116843E+01     0.102169292469343E+01
     0.101152256470006E+01     0.933458105278547E+01     0.101933278511859E+01
     0.101092031828349E+01     0.932722077748767E+01     0.101697228865044E+01
     0.101031778829833E+01     0.931985733092933E+01     0.101461143254901E+01
     0.100971497213332E+01     0.931249067819899E+01     0.101225021413465E+01
     0.100911186712802E+01     0.930512078380259E+01     0.100988863078929E+01
     0.100850847057142E+01     0.929774761164629E+01     0.100752667995847E+01
     0.100790477970049E+01     0.929037112501829E+01     0.100516435915299E+01
     0.100730079169848E+01     0.928299128656976E+01     0.100280166595010E+01
     0.100669650369348E+01     0.927560805829599E+01     0.100043859799658E+01
     0.100609191275659E+01     0.926822140151532E+01     0.998075153009466E+00
     0.100548701590033E+01     0.926083127684857E+01     0.995711328779068E+00
     0.100488181007659E+01     0.925343764419638E+01     0.993347123169922E+00
     0.100427629217498E+01     0.924604046271687E+01     0.990982534124251E+00
     0.100367045902066E+01     0.923863969080120E+01     0.988617559663129E+00
     0.100306430737244E+01     0.923123528604905E+01     0.986252197889742E+00
     0.100245783392043E+01     0.922382720524202E+01     0.983886446990800E+00
     0.100185103528400E+01     0.921641540431705E+01     0.981520305240062E+00
     0.100124390800933E+01     0.920899983833773E+01     0.979153771000508E+00
     0.100063644856696E+01     0.920158046146469E+01     0.976786842726978E+00
     0.100002865334932E+01     0.919415722692493E+01     0.974419518969640E+00
     0.999420518667954E+00     0.918673008697911E+01     0.972051798376186E+00
     0.998812040750807E+00     0.917929899288799E+01     0.969683679695604E+00
     0.998203215739295E+00     0.917186389487706E+01     0.967315161781250E+00
     0.997594039685238E+00     0.916442474209940E+01     0.964946243594235E+00
     0.996984508547662E+00     0.915698148259698E+01     0.962576924206949E+00
     0.996374618189469E+00     0.914953406326009E+01     0.960207202806982E+00
     0.995764364373945E+00     0.914208242978484E+01     0.957837078701088E+00
     0.995153742761054E+00     0.913462652662846E+01     0.955466551319126E+00
     0.994542748903607E+00     0.912716629696254E+01     0.953095620218544E+00
     0.993931378243142E+00     0.911970168262366E+01     0.950724285088327E+00
     0.993319626105815E+00     0.911223262406230E+01     0.948352545754818E+00
     0.992707487697812E+00     0.910475906028821E+01     0.945980402185771E+00
     0.992094958100707E+00     0.909728092881350E+01     0.943607854495929E+00
     0.991482032266552E+00     0.908979816559292E+01     0.941234902952791E+00
     0.990868705012627E+00     0.908231070496042E+01     0.938861547981892E+00
     0.990254971015983E+00     0.907481847956281E+01     0.936487790173041E+00
     0.989640824807741E+00     0.906732142028994E+01     0.934113630287186E+00
     0.989026260766955E+00     0.905981945620066E+01     0.931739069262721E+00
     0.988411273114238E+00     0.905231251444505E+01     0.929364108222896E+00
     0.987795855904950E+00     0.904480052018194E+01     0.926988748482944E+00
     0.987180003022126E+00     0.903728339649240E+01     0.924612991558663E+00
     0.986563708168872E+00     0.902976106428766E+01     0.922236839174420E+00
     0.985946964860391E+00     0.902223344221201E+01     0.919860293272143E+00
     0.985329766415584E+00     0.901470044654025E+01     0.917483356021221E+00
     0.984712105947990E+00     0.900716199106826E+01     0.915106029827699E+00
     0.984093976356369E+00     0.899961798699785E+01     0.912728317345406E+00
     0.983475370314625E+00     0.899206834281424E+01     0.910350221487231E+00
     0.982856280261077E+00     0.898451296415574E+01     0.907971745436737E+00
     0.982236698387193E+00     0.897695175367604E+01     0.905592892661617E+00
     0.981616616625412E+00     0.896938461089667E+01     0.903213666926417E+00
     0.980996026636327E+00     0.896181143205077E+01     0.900834072307246E+00
     0.980374919795032E+00     0.895423210991661E+01     0.898454113207443E+00
     0.979753287176461E+00     0.894664653363954E+01     0.896073794373450E+00
     0.979131119539866E+00     0.893905458854267E+01     0.893693120912745E+00
     0.978508407312203E+00     0.893145615592439E+01     0.891312098312758E+00
     0.977885140570223E+00     0.892385111284121E+01     0.888930732459892E+00
     0.977261309021572E+00     0.891623933187659E+01     0.886549029662099E+00
     0.976636901984357E+00     0.890862068089241E+01     0.884166996671507E+00
     0.976011908365252E+00     0.890099502276249E+01     0.881784640708985E+00
     0.975386316636043E+00     0.889336221508672E+01     0.879401969490871E+00
     0.974760114808345E+00     0.888572210988348E+01     0.877018991257138E+00
     0.974133290406550E+00     0.887807455325927E+01     0.874635714803044E+00
     0.973505830438448E+00     0.887041938505178E+01     0.872252149511320E+00
     0.972877721363766E+00     0.886275643844582E+01     0.869868305388836E+00
     0.972248949060029E+00     0.885508553955785E+01     0.867484193104926E+00
     0.971619498785657E+00     0.884740650698659E+01     0.865099824033054E+00
     0.970989355140135E+00     0.883971915132700E+01     0.862715210297153E+00
     0.970358502020659E+00     0.883202327464241E+01     0.860330364820557E+00
     0.969726922575082E+00     0.882431866989135E+01     0.857945301379627E+00
     0.969094599150743E+00     0.881660512030401E+01     0.855560034662203E+00
     0.968461513238799E+00     0.880888239870332E+01     0.853174580332048E+00
     0.967827645413307E+00     0.880115026676320E+01     0.850788955097981E+00
     0.967192975264755E+00     0.879340847419823E+01     0.848403176790543E+00
     0.966557481327203E+00     0.878565675787592E+01     0.846017264445536E+00
     0.965921140998375E+00     0.877789484084281E+01     0.843631238396084E+00
     0.965283930451810E+00     0.877012243125377E+01     0.841245120373905E+00
     0.964645824540113E+00     0.876233922119274E+01     0.838858933621117E+00
     0.964006796688047E+00     0.875454488537039E+01     0.836472703013077E+00
     0.963366818774452E+00     0.874673907968432E+01     0.834086455195722E+00
     0.962725861001165E+00     0.873892143962174E+01     0.831700218737099E+00
     0.962083891747388E+00     0.873109157848447E+01     0.829314024296331E+00
     0.961440877407368E+00     0.872324908541080E+01     0.826927904811857E+00
     0.960796782209112E+00     0.871539352316573E+01     0.824541895712585E+00
     0.960151568011161E+00     0.870752442566464E+01     0.822156035153683E+00
     0.959505194074500E+00     0.869964129519209E+01     0.819770364284079E+00
     0.958857616805133E+00     0.869174359926556E+01     0.817384927545438E+00
     0.958208789463178E+00     0.868383076708988E+01     0.814999773012254E+00
     0.957558661832915E+00     0.867590218553492E+01     0.812614952779029E+00
     0.956907179846835E+00     0.866795719455422E+01     0.810230523400143E+00
     0.956254285155895E+00     0.865999508194796E+01     0.807846546393443E+00
     0.955599914636495E+00     0.865201507735306E+01     0.805463088820882E+00
     0.954943999821748E+00     0.864401634531335E+01     0.803080223955831E+00
     0.954286466243878E+00     0.863599797725847E+01     0.800698032066325E+00
     0.953627232665341E+00     0.862795898215489E+01     0.798316601294540E+00
     0.952966210185684E+00     0.861989827559255E+01     0.795936028748706E+00
     0.952303301184344E+00     0.861181466691988E+01     0.793556421729244E+00
     0.951638398072372E+00     0.860370684402681E+01     0.791177899213326E+00
     0.950971381804068E+00     0.859557335520878E+01     0.788800593617791E+00
     0.950302120091015E+00     0.858741258740319E+01     0.786424652919349E+00
     0.949630465242086E+00     0.857922273986943E+01     0.784050243221193E+00
     0.948956251529280E+00     0.857100179209129E+01     0.781677551887626E+00
     0.948279291945596E+00     0.856274746427280E+01     0.779306791406487E+00
     0.947599374174212E+00     0.855445716822644E+01     0.776938204195923E+00
     0.946916255521807E+00     0.854612794563931E+01     0.774572068657705E+00
     0.946229656470002E+00     0.853775638950840E+01     0.772208706886085E+00
     0.945539252355908E+00     0.852933854278228E+01     0.769848494629498E+00
     0.944844662472720E+00     0.852086976557021E+01     0.767491874363650E+00
     0.944145435536692E+00     0.851234455810916E+01     0.765139372716201E+00
     0.943441029929769E+00     0.850375632006453E+01     0.762791624229795E+00
     0.942730786212450E+00     0.849509701569873E+01     0.760449404428590E+00
     0.942013887862981E+00     0.848635669562973E+01     0.758113677116111E+00
     0.941289303424192E+00     0.847752279213668E+01     0.755785664160612E+00
     0.940555698016791E+00     0.846857904136594E+01     0.753466952363899E+00
     0.939811291712672E+00     0.845950375833995E+01     0.751159664722525E+00
     0.939053619647312E+00     0.845026691527620E+01     0.748866750868882E+00
     0.938279095007077E+00     0.844082481924048E+01     0.746592516855981E+00
     0.937482131309710E+00     0.843110942289119E+01     0.744343690542140E+00
     0.936653117137672E+00     0.842100366085213E+01     0.742131883093589E+00
     0.936013962531636E+00     0.841319987302572E+01     0.739688310007987E+00
     0.935441510920173E+00     0.840620555299948E+01     0.737162907070721E+00
     0.934868874660272E+00     0.839920929284712E+01     0.734636787019788E+00
     0.934296052982929E+00     0.839221108825488E+01     0.732109945635784E+00
     0.933723045119411E+00     0.838521093504203E+01     0.729582378638077E+00
     0.933149850301192E+00     0.837820882916658E+01     0.727054081677826E+00
     0.932576467760245E+00     0.837120476673227E+01     0.724525050334577E+00
     0.932002896729662E+00     0.836419874399668E+01     0.721995280116477E+00
     0.931429136442549E+00     0.835719075737493E+01     0.719464766440478E+00
     0.930855186134603E+00     0.835018080345417E+01     0.716933504653243E+00
     0.930281045043058E+00     0.834316887899824E+01     0.714401490011095E+00
     0.929706712407344E+00     0.833615498095724E+01     0.711868717679077E+00
     0.929132187469627E+00     0.832913910647759E+01     0.709335182727403E+00
     0.928557469475193E+00     0.832212125291189E+01     0.706800880126360E+00
     0.927982557672950E+00     0.831510141782958E+01     0.704265804741606E+00
     0.927407451315966E+00     0.830807959902833E+01     0.701729951329244E+00
     0.926832149662046E+00     0.830105579454609E+01     0.699193314530821E+00
     0.926256651974235E+00     0.829403000267325E+01     0.696655888866982E+00
     0.925680957521504E+00     0.828700222196622E+01     0.694117668732212E+00
     0.925105065579416E+00     0.827997245126150E+01     0.691578648388617E+00
     0.924528975430852E+00     0.827294068969063E+01     0.689038821959639E+00
     0.923952686366690E+00     0.826590693669560E+01     0.686498183422620E+00
     0.923376197686708E+00     0.825887119204594E+01     0.683956726602451E+00
     0.922799508700403E+00     0.825183345585621E+01     0.681414445163695E+00
     0.922222618727904E+00     0.824479372860468E+01     0.678871332602642E+00
     0.921645527100946E+00     0.823775201115318E+01     0.676327382238952E+00
     0.921068233163968E+00     0.823070830476838E+01     0.673782587207249E+00
     0.920490736275131E+00     0.822366261114368E+01     0.671236940447077E+00
     0.919913035807636E+00     0.821661493242350E+01     0.668690434694164E+00
     0.919335131150870E+00     0.820956527122788E+01     0.666143062469061E+00
     0.918757021711833E+00     0.820251363067962E+01     0.663594816066776E+00
     0.918178706916593E+00     0.819546001443264E+01     0.661045687545285E+00
     0.917600186211840E+00     0.818840442670236E+01     0.658495668713343E+00
     0.917021459066470E+00     0.818134687229748E+01     0.655944751116935E+00
     0.916442524973482E+00     0.817428735665490E+01     0.653392926026627E+00
     0.915863383451732E+00     0.816722588587555E+01     0.650840184421873E+00
     0.915284034048130E+00     0.816016246676413E+01     0.648286516976947E+00
     0.914704476339706E+00     0.815309710687006E+01     0.645731914043774E+00
     0.914124709935948E+00     0.814602981453198E+01     0.643176365634575E+00
     0.913544734481376E+00     0.813896059892530E+01     0.640619861404094E+00
     0.912964549658152E+00     0.813188947011256E+01     0.638062390629359E+00
     0.912384155189035E+00     0.812481643909786E+01     0.635503942189454E+00
     0.911803550840376E+00     0.811774151788429E+01     0.632944504542573E+00
     0.911222736425618E+00     0.811066471953688E+01     0.630384065703697E+00
     0.910641711808660E+00     0.810358605824791E+01     0.627822613217672E+00
     0.910060476907902E+00     0.809650554940929E+01     0.625260134133877E+00
     0.909479031700280E+00     0.808942320968850E+01     0.622696614976522E+00
     0.908897376225797E+00     0.808233905711110E+01     0.620132041714440E+00
     0.908315510592169E+00     0.807525311114749E+01     0.617566399727942E+00
     0.907733434980565E+00     0.806816539281378E+01     0.614999673773193E+00
     0.907151149650480E+00     0.806107592476612E+01     0.612431847945179E+00
     0.906568654946288E+00     0.805398473141631E+01     0.609862905636598E+00
     0.905985951303696E+00     0.804689183904977E+01     0.607292829494358E+00
     0.905403039256894E+00     0.803979727595435E+01     0.604721601372923E+00
     0.904819919446292E+00     0.803270107255963E+01     0.602149202283889E+00
     0.904236592626765E+00     0.802560326158692E+01     0.599575612340581E+00
     0.903653059676932E+00     0.801850387821336E+01     0.597000810700713E+00
     0.903069321608903E+00     0.801140296024825E+01     0.594424775501745E+00
     0.902485379579116E+00     0.800430054832569E+01     0.591847483792756E+00
     0.901901234900023E+00     0.799719668611340E+01     0.589268911459635E+00
     0.901316889052931E+00     0.799009142054052E+01     0.586689033144703E+00
     0.900732343701957E+00     0.798298480204554E+01     0.584107822158757E+00
     0.900147600709286E+00     0.797587688484699E+01     0.581525250385382E+00
     0.899562662151270E+00     0.796876772724096E+01     0.578941288163902E+00
     0.898977530339415E+00     0.796165739191974E+01     0.576355904227545E+00
     0.898392207836733E+00     0.795454594633507E+01     0.573769065503988E+00
     0.897806697482333E+00     0.794743346308272E+01     0.571180737027887E+00
     0.897221002415353E+00     0.794032002033333E+01     0.568590881780708E+00
     0.896635126101851E+00     0.793320570230483E+01     0.565999460526243E+00
     0.896049072364730E+00     0.792609059978489E+01     0.563406431631257E+00
     0.895462845416616E+00     0.791897481070741E+01     0.560811750865313E+00
     0.894876449896616E+00     0.791185844079270E+01     0.558215371181891E+00
     0.894289890911017E+00     0.790474160425743E+01     0.555617242474328E+00
     0.893703174078732E+00     0.789762442460531E+01     0.553017311305810E+00
     0.893116305581929E+00     0.789050703550825E+01     0.550415520607661E+00
     0.892529292222877E+00     0.788338958179246E+01     0.547811809344301E+00
     0.891942141487535E+00     0.787627222054278E+01     0.545206112136726E+00
     0.891354861617741E+00     0.786915512233560E+01     0.542598358865220E+00
     0.890767461689584E+00     0.786203847267218E+01     0.539988474094723E+00
     0.890179951709514E+00     0.785492247352170E+01     0.537376376684852E+00
     0.889592342713692E+00     0.784780734510267E+01     0.534761979131353E+00
     0.889004646888040E+00     0.784069332797864E+01     0.532145186812062E+00
     0.888416877702911E+00     0.783358068534499E+01     0.529525897270558E+00
     0.887829050067754E+00     0.782646970570682E+01     0.526903999300016E+00
     0.887241180509249E+00     0.781936070594784E+01     0.524279371912038E+00
     0.886653287377003E+00     0.781225403487439E+01     0.521651883145157E+00
     0.886065391082614E+00     0.780515007732892E+01     0.519021388685777E+00
     0.885477514378236E+00     0.779804925898434E+01     0.516387730259126E+00
     0.884889682683409E+00     0.779095205196368E+01     0.513750733746915E+00
     0.884301924470201E+00     0.778385898146139E+01     0.511110206969418E+00
     0.883714271719938E+00     0.777677063359251E+01     0.508465937057754E+00
     0.883126760468266E+00     0.776968766475691E+01     0.505817687320266E+00
     0.882539431460071E+00     0.776261081288905E+01     0.503165193478349E+00
     0.881952330942414E+00     0.775554091107546E+01     0.500508159110968E+00
     0.881365511632440E+00     0.774847890417504E+01     0.497846250095002E+00
     0.880779033909323E+00     0.774142586932353E+01     0.495179087687595E+00
     0.880192967298384E+00     0.773438304127094E+01     0.492506240257504E+00
     0.879607392333970E+00     0.772735184456356E+01     0.489827212228904E+00
     0.879022402934530E+00     0.772033393419841E+01     0.487141430648955E+00
     0.878438109464692E+00     0.771333124823052E+01     0.484448227528473E+00
     0.877854642747001E+00     0.770634607666360E+01     0.481746816760267E+00
     0.877272159407855E+00     0.769938115326229E+01     0.479036263347048E+00
     0.876690849142820E+00     0.769243978036038E+01     0.476315441525296E+00
     0.876079545385096E+00     0.768498242091336E+01     0.473769787319410E+00
     0.875450444155225E+00     0.767722099324998E+01     0.471325675107724E+00
     0.874820628254916E+00     0.766945146968581E+01     0.468881173581937E+00
     0.874190083911112E+00     0.766167369082225E+01     0.466436291746355E+00
     0.873558796829210E+00     0.765388749120826E+01     0.463991038559774E+00
     0.872926752153086E+00     0.764609269866012E+01     0.461545423300424E+00
     0.872293934432479E+00     0.763828913386532E+01     0.459099455583482E+00
     0.871660327587849E+00     0.763047660995580E+01     0.456653145379605E+00
     0.871025914872404E+00     0.762265493204746E+01     0.454206503034225E+00
     0.870390678831237E+00     0.761482389674373E+01     0.451759539289374E+00
     0.869754601257144E+00     0.760698329159883E+01     0.449312265307016E+00
     0.869117663142733E+00     0.759913289453670E+01     0.446864692693753E+00
     0.868479844628642E+00     0.759127247322155E+01     0.444416833528556E+00
     0.867841124947238E+00     0.758340178437439E+01     0.441968700391945E+00
     0.867201482361576E+00     0.757552057303077E+01     0.439520306399038E+00
     0.866560894098745E+00     0.756762857173170E+01     0.437071665233855E+00
     0.865919336277382E+00     0.755972549964229E+01     0.434622791188250E+00
     0.865276783828502E+00     0.755181106158924E+01     0.432173699204487E+00
     0.864633210408619E+00     0.754388494700613E+01     0.429724404919723E+00
     0.863988588304944E+00     0.753594682877959E+01     0.427274924718231E+00
     0.863342888330988E+00     0.752799636198065E+01     0.424825275786477E+00
     0.862696079711759E+00     0.752003318246900E+01     0.422375476174314E+00
     0.862048129957177E+00     0.751205690535391E+01     0.419925544862422E+00
     0.861399004722330E+00     0.750406712329420E+01     0.417475501838045E+00
     0.860748667652592E+00     0.749606340461479E+01     0.415025368177806E+00
     0.860097080211666E+00     0.748804529121557E+01     0.412575166139577E+00
     0.859444201490490E+00     0.748001229624575E+01     0.410124919266871E+00
     0.858789987993696E+00     0.747196390150715E+01     0.407674652502589E+00
     0.858134393401062E+00     0.746389955455094E+01     0.405224392319137E+00
     0.857477368299684E+00     0.745581866541925E+01     0.402774166862916E+00
     0.856818859882771E+00     0.744772060297936E+01     0.400324006118277E+00
     0.856158811609561E+00     0.743960469078510E+01     0.397873942092211E+00
     0.855497162820204E+00     0.743147020238961E+01     0.395424009024036E+00
     0.854833848298127E+00     0.742331635601818E+01     0.392974243624462E+00
     0.854168797770756E+00     0.741514230849062E+01     0.390524685348509E+00
     0.853501935337732E+00     0.740694714826044E+01     0.388075376708477E+00
     0.852833178813378E+00     0.739872988740910E+01     0.385626363635137E+00
     0.852162438967054E+00     0.739048945239685E+01     0.383177695895091E+00
     0.851489618641497E+00     0.738222467332670E+01     0.380729427576634E+00
     0.850814611724686E+00     0.737393427142025E+01     0.378281617662072E+00
     0.850137301941465E+00     0.736561684431596E+01     0.375834330676417E+00
     0.849457561432570E+00     0.735727084874193E+01     0.373387637501602E+00
     0.848775249062710E+00     0.734889457992102E+01     0.370941616297741E+00
     0.848090208400478E+00     0.734048614696027E+01     0.368496353630868E+00
     0.847402265285042E+00     0.733204344320873E+01     0.366051945827816E+00
     0.846711224872271E+00     0.732356411027149E+01     0.363608500624076E+00
     0.846016868017528E+00     0.731504549393939E+01     0.361166139185843E+00
     0.845318946804026E+00     0.730648458970202E+01     0.358724998618713E+00
     0.844617178953394E+00     0.729787797465588E+01     0.356285235083142E+00
     0.843911240766918E+00     0.728922172145921E+01     0.353847027801145E+00
     0.843200758079089E+00     0.728051128811420E+01     0.351410584115557E+00
     0.842485294511790E+00     0.727174137480785E+01     0.348976146131908E+00
     0.841764335964221E+00     0.726290573487800E+01     0.346543999485005E+00
     0.841037269754092E+00     0.725399692057617E+01     0.344114485150078E+00
     0.840303355968809E+00     0.724500593385870E+01     0.341688015700831E+00
     0.839561687146335E+00     0.723592173490205E+01     0.339265098228350E+00
     0.838811129894448E+00     0.722673053040859E+01     0.336846367593181E+00
     0.838050237455296E+00     0.721741470766368E+01     0.334432636319536E+00
     0.837277113318000E+00     0.720795117172279E+01     0.332024972571960E+00
     0.836489187548431E+00     0.719830861831610E+01     0.329624828283992E+00
     0.835682826016669E+00     0.718844276911888E+01     0.327234263440918E+00
     0.834852588766285E+00     0.717828732850269E+01     0.324856372580489E+00
     0.833989653112501E+00     0.716773475423400E+01     0.322496193445833E+00
     0.833127131444469E+00     0.715718770286868E+01     0.320134677996412E+00
     0.832560459700172E+00     0.715024206584405E+01     0.317602615367321E+00
     0.831993534850746E+00     0.714329460951854E+01     0.315070570502066E+00
     0.831426355326050E+00     0.713634532892602E+01     0.312538545452412E+00
     0.830858919540536E+00     0.712939421909085E+01     0.310006542200782E+00
     0.830291225892909E+00     0.712244127502920E+01     0.307474562654835E+00
     0.829723272766002E+00     0.711548649175143E+01     0.304942608644059E+00
     0.829155058526653E+00     0.710852986426465E+01     0.302410681916186E+00
     0.828586581525489E+00     0.710157138757499E+01     0.299878784132707E+00
     0.828017840096875E+00     0.709461105669090E+01     0.297346916865519E+00
     0.827448832558750E+00     0.708764886662610E+01     0.294815081592425E+00
     0.826879557212461E+00     0.708068481240271E+01     0.292283279692342E+00
     0.826310012342735E+00     0.707371888905544E+01     0.289751512441517E+00
     0.825740196217513E+00     0.706675109163517E+01     0.287219781008208E+00
     0.825170107087817E+00     0.705978141521307E+01     0.284688086447475E+00
     0.824599743187731E+00     0.705280985488556E+01     0.282156429696512E+00
     0.824029102734307E+00     0.704583640577926E+01     0.279624811569111E+00
     0.823458183927447E+00     0.703886106305603E+01     0.277093232749568E+00
     0.822886984949859E+00     0.703188382191880E+01     0.274561693786815E+00
     0.822315503967081E+00     0.702490467761819E+01     0.272030195088759E+00
     0.821743739127362E+00     0.701792362545868E+01     0.269498736914971E+00
     0.821171688561726E+00     0.701094066080620E+01     0.266967319370479E+00
     0.820599350383954E+00     0.700395577909576E+01     0.264435942398399E+00
     0.820026722690578E+00     0.699696897583959E+01     0.261904605772136E+00
     0.819453803561027E+00     0.698998024663668E+01     0.259373309088312E+00
     0.818880591057591E+00     0.698298958718179E+01     0.256842051757561E+00
     0.818307083225616E+00     0.697599699327634E+01     0.254310832996621E+00
     0.817733278093639E+00     0.696900246083963E+01     0.251779651819275E+00
     0.817159173673497E+00     0.696200598592057E+01     0.249248507026315E+00
     0.816584767960574E+00     0.695500756471087E+01     0.246717397195838E+00
     0.816010058934086E+00     0.694800719355920E+01     0.244186320673064E+00
     0.815435044557303E+00     0.694100486898589E+01     0.241655275558696E+00
     0.814859722777893E+00     0.693400058769909E+01     0.239124259697317E+00
     0.814284091528410E+00     0.692699434661275E+01     0.236593270665915E+00
     0.813708148726601E+00     0.691998614286462E+01     0.234062305759815E+00
     0.813131892276068E+00     0.691297597383723E+01     0.231531361980223E+00
     0.812555320066724E+00     0.690596383717898E+01     0.229000436018912E+00
     0.811978429975513E+00     0.689894973082801E+01     0.226469524243543E+00
     0.811401219867139E+00     0.689193365303729E+01     0.223938622681531E+00
     0.810823687594926E+00     0.688491560240212E+01     0.221407727003380E+00
     0.810245831001674E+00     0.687789557788912E+01     0.218876832504222E+00
     0.809667647920786E+00     0.687087357886835E+01     0.216345934085537E+00
     0.809089136177328E+00     0.686384960514706E+01     0.213815026234364E+00
     0.808510293589458E+00     0.685682365700733E+01     0.211284103003130E+00
     0.807931117969668E+00     0.684979573524501E+01     0.208753157985642E+00
     0.807351607126545E+00     0.684276584121369E+01     0.206222184294543E+00
     0.806771758866448E+00     0.683573397687088E+01     0.203691174535228E+00
     0.806191570995420E+00     0.682870014482824E+01     0.201160120778586E+00
     0.805611041321446E+00     0.682166434840660E+01     0.198629014533045E+00
     0.805030167656751E+00     0.681462659169459E+01     0.196097846713379E+00
     0.804448947820471E+00     0.680758687961278E+01     0.193566607608336E+00
     0.803867379641551E+00     0.680054521798295E+01     0.191035286845869E+00
     0.803285460961956E+00     0.679350161360328E+01     0.188503873355983E+00
     0.802703189640220E+00     0.678645607432999E+01     0.185972355331150E+00
     0.802120563555392E+00     0.677940860916611E+01     0.183440720184160E+00
     0.801537580611273E+00     0.677235922835745E+01     0.180908954502108E+00
     0.800954238741317E+00     0.676530794349796E+01     0.178377043998800E+00
     0.800370535913755E+00     0.675825476764319E+01     0.175844973461538E+00
     0.799786470137542E+00     0.675119971543515E+01     0.173312726696151E+00
     0.799202039468674E+00     0.674414280323731E+01     0.170780286466047E+00
     0.798617242017371E+00     0.673708404928288E+01     0.168247634428127E+00
     0.798032075955906E+00     0.673002347383630E+01     0.165714751063001E+00
     0.797446539527190E+00     0.672296109936937E+01     0.163181615599057E+00
     0.796860631054539E+00     0.671589695075540E+01     0.160648205932607E+00
     0.796274348952170E+00     0.670883105548035E+01     0.158114498539103E+00
     0.795687691737018E+00     0.670176344387532E+01     0.155580468378455E+00
     0.795100658041816E+00     0.669469414937174E+01     0.153046088792284E+00
     0.794513246629547E+00     0.668762320878159E+01     0.150511331391835E+00
     0.793925456409549E+00     0.668055066260620E+01     0.147976165936668E+00
     0.793337286455430E+00     0.667347655537648E+01     0.145440560202632E+00
     0.792748736024877E+00     0.666640093602792E+01     0.142904479836950E+00
     0.792159804581878E+00     0.665932385831572E+01     0.140367888201151E+00
     0.791570491821508E+00     0.665224538127421E+01     0.137830746199391E+00
     0.790980797697350E+00     0.664516556972488E+01     0.135293012088195E+00
     0.790390722452502E+00     0.663808449484204E+01     0.132754641270469E+00
     0.789800266654049E+00     0.663100223478072E+01     0.130215586066941E+00
     0.789209431231792E+00     0.662391887537635E+01     0.127675795464986E+00
     0.788618217521896E+00     0.661683451093601E+01     0.125135214826285E+00
     0.788026627315497E+00     0.660974924507199E+01     0.122593785642058E+00
     0.787434662913980E+00     0.660266319173715E+01     0.120051445097391E+00
     0.786842327191238E+00     0.659557647628592E+01     0.117508125756811E+00
     0.786249623664050E+00     0.658848923671886E+01     0.114963755126603E+00
     0.785656556571837E+00     0.658140162507581E+01     0.112418255183498E+00
     0.785063130967354E+00     0.657431380901122E+01     0.109871541847161E+00
     0.784469352819855E+00     0.656722597357897E+01     0.107323524386910E+00
     0.783875229132991E+00     0.656013832326145E+01     0.104774104754232E+00
     0.783280768079602E+00     0.655305108428130E+01     0.102223176827093E+00
     0.782685979156691E+00     0.654596450724531E+01     0.996706255550653E-01
     0.782090873363604E+00     0.653887887017532E+01     0.971163259845494E-01
     0.781495463408002E+00     0.653179448199688E+01     0.945601421469016E-01
     0.780899763944498E+00     0.652471168656777E+01     0.920019257828059E-01
     0.780303791852457E+00     0.651763086734970E+01     0.894415148751946E-01
     0.779707566560133E+00     0.651055245284529E+01     0.868787319505108E-01
     0.779111110425199E+00     0.650347692295739E+01     0.843133821078089E-01
     0.778514449182324E+00     0.649640481646834E+01     0.817452506896137E-01
     0.777917612475694E+00     0.648933673982750E+01     0.791741006729689E-01
     0.777320634487848E+00     0.648227337766886E+01     0.765996693482067E-01
     0.776723554697429E+00     0.647521550529056E+01     0.740216646077582E-01
     0.776126418789326E+00     0.646816400369291E+01     0.714397603917897E-01
     0.775529279759049E+00     0.646111987777168E+01     0.688535912250561E-01
     0.774932199261635E+00     0.645408427850212E+01     0.662627455806670E-01
     0.774335249273107E+00     0.644705853021644E+01     0.636667577529035E-01
     0.773738514154975E+00     0.644004416444864E+01     0.610650978079216E-01
     0.773142093244731E+00     0.643304296234951E+01     0.584571590270879E-01
     0.772546104142524E+00     0.642605700843512E+01     0.558422420446565E-01
     0.771950686931765E+00     0.641908875958288E+01     0.532195344700596E-01
     0.771356009674981E+00     0.641214113467192E+01     0.505880846800465E-01
     0.770712996979734E+00     0.640439880566592E+01     0.481951070823139E-01
     0.770050419449473E+00     0.639634212814867E+01     0.458935863392886E-01
     0.769386007879213E+00     0.638826637998049E+01     0.435935916719473E-01
     0.768719693305226E+00     0.638017077459227E+01     0.412951577933283E-01
     0.768051401961437E+00     0.637205446929575E+01     0.389983211601039E-01
     0.767381054791371E+00     0.636391655952554E+01     0.367031201952658E-01
     0.766708566896562E+00     0.635575607235898E+01     0.344095954910127E-01
     0.766033846908844E+00     0.634757195913952E+01     0.321177900406848E-01
     0.765356796272862E+00     0.633936308704505E+01     0.298277495015932E-01
     0.764677308423365E+00     0.633112822941520E+01     0.275395224999950E-01
     0.763995267836785E+00     0.632286605460132E+01     0.252531609786997E-01
     0.763310548933770E+00     0.631457511305943E+01     0.229687206024084E-01
     0.762623014802410E+00     0.630625382233232E+01     0.206862612280680E-01
     0.761932515705138E+00     0.629790044948415E+01     0.184058474545492E-01
     0.761238887323053E+00     0.628951309044067E+01     0.161275492706229E-01
     0.760541948678478E+00     0.628108964553976E+01     0.138514428201847E-01
     0.759841499661604E+00     0.627262779041190E+01     0.115776113201519E-01
     0.759137318061420E+00     0.626412494103699E+01     0.930614613591452E-02
     0.758429155982281E+00     0.625557821152626E+01     0.703714813001577E-02
     0.757716735471855E+00     0.624698436263910E+01     0.477072925845157E-02
     0.756999743146444E+00     0.623833973846346E+01     0.250701455844449E-02
     0.756277823513816E+00     0.622964018774011E+01     0.246144613791910E-03
     0.755550570586222E+00     0.622088096502329E+01    -0.201172134939476E-02
     0.754817517217006E+00     0.621205660498770E+01    -0.426640152163782E-02
     0.754078121355715E+00     0.620316076038699E+01    -0.651768643410111E-02
     0.753331748060009E+00     0.619418598994521E+01    -0.876533230890009E-02
     0.752577645545002E+00     0.618512347588162E+01    -0.110090521934397E-01
     0.751814912656232E+00     0.617596264024128E+01    -0.132485039528394E-01
     0.751042453697790E+00     0.616669061193508E+01    -0.154832735304931E-01
     0.750258914021955E+00     0.615729146667638E+01    -0.177128510995030E-01
     0.749462585309749E+00     0.614774510907922E+01    -0.199365960100002E-01
     0.748651261062795E+00     0.613802556676886E+01    -0.221536832083733E-01
     0.747822006000157E+00     0.612809826770421E+01    -0.243630177572081E-01
     0.746970766932823E+00     0.611791544499387E+01    -0.265630904864906E-01
     0.746091667320722E+00     0.610740780479317E+01    -0.287517161834905E-01
     0.745175599790523E+00     0.609646789917770E+01    -0.309255109030016E-01
     0.744207009796117E+00     0.608491212314090E+01    -0.330786968600753E-01
     0.743304804854735E+00     0.607414497168116E+01    -0.352518268800384E-01
     0.742757616635038E+00     0.606757416703120E+01    -0.375457632724291E-01
     0.742210129692413E+00     0.606100223246118E+01    -0.398378380329083E-01
     0.741662341231132E+00     0.605442914808842E+01    -0.421280398116473E-01
     0.741114248402068E+00     0.604785489349223E+01    -0.444163572218137E-01
     0.740565848300976E+00     0.604127944769687E+01    -0.467027788407418E-01
     0.740017137966766E+00     0.603470278915399E+01    -0.489872932102878E-01
     0.739468114379820E+00     0.602812489572493E+01    -0.512698888363440E-01
     0.738918774460164E+00     0.602154574466183E+01    -0.535505541889337E-01
     0.738369115065505E+00     0.601496531258781E+01    -0.558292777027795E-01
     0.737819132989357E+00     0.600838357547702E+01    -0.581060477765158E-01
     0.737268824958980E+00     0.600180050863343E+01    -0.603808527727843E-01
     0.736718187633099E+00     0.599521608666798E+01    -0.626536810192855E-01
     0.736167217599853E+00     0.598863028347643E+01    -0.649245208073801E-01
     0.735615911374299E+00     0.598204307221442E+01    -0.671933603933916E-01
     0.735064265396064E+00     0.597545442527278E+01    -0.694601879978964E-01
     0.734512276026756E+00     0.596886431425097E+01    -0.717249918061520E-01
     0.733959939547326E+00     0.596227270992976E+01    -0.739877599679223E-01
     0.733407252155202E+00     0.595567958224205E+01    -0.762484805981810E-01
     0.732854209961457E+00     0.594908490024319E+01    -0.785071417765613E-01
     0.732300808987698E+00     0.594248863207920E+01    -0.807637315479273E-01
     0.731747045162879E+00     0.593589074495381E+01    -0.830182379223730E-01
     0.731192914319894E+00     0.592929120509358E+01    -0.852706488758158E-01
     0.730638412192165E+00     0.592268997771220E+01    -0.875209523493673E-01
     0.730083534409808E+00     0.591608702697164E+01    -0.897691362506273E-01
     0.729528276495842E+00     0.590948231594266E+01    -0.920151884532627E-01
     0.728972633862118E+00     0.590287580656278E+01    -0.942590967972583E-01
     0.728416601805496E+00     0.589626745959362E+01    -0.965008490842010E-01
     0.727860175501296E+00     0.588965723456753E+01    -0.987404330993767E-01
     0.727303350001659E+00     0.588304508974939E+01    -0.100977836579331E+00
     0.726746120228456E+00     0.587643098207783E+01    -0.103213047234374E+00
     0.726188480968635E+00     0.586981486711325E+01    -0.105446052742880E+00
     0.725630426868539E+00     0.586319669897999E+01    -0.107676840752885E+00
     0.725071952428179E+00     0.585657643030661E+01    -0.109905398881676E+00
     0.724513051994992E+00     0.584995401216191E+01    -0.112131714716864E+00
     0.723953719757318E+00     0.584332939398759E+01    -0.114355775817083E+00
     0.723393949737504E+00     0.583670252352715E+01    -0.116577569712612E+00
     0.722833735784594E+00     0.583007334675055E+01    -0.118797083906255E+00
     0.722273071566668E+00     0.582344180777479E+01    -0.121014305873670E+00
     0.721711950562530E+00     0.581680784877881E+01    -0.123229223065182E+00
     0.721150366053129E+00     0.581017140991437E+01    -0.125441822906002E+00
     0.720588311112295E+00     0.580353242921073E+01    -0.127652092797583E+00
     0.720025778596970E+00     0.579689084247360E+01    -0.129860020118694E+00
     0.719462761136770E+00     0.579024658317759E+01    -0.132065592226809E+00
     0.718899251122946E+00     0.578359958235193E+01    -0.134268796459252E+00
     0.718335240696635E+00     0.577694976845888E+01    -0.136469620134273E+00
     0.717770721736190E+00     0.577029706726335E+01    -0.138668050553367E+00
     0.717205685843877E+00     0.576364140169472E+01    -0.140864075002160E+00
     0.716640124331501E+00     0.575698269169853E+01    -0.143057680752600E+00
     0.716074028205100E+00     0.575032085407810E+01    -0.145248855064866E+00
     0.715507388148667E+00     0.574365580232548E+01    -0.147437585188701E+00
     0.714940194506494E+00     0.573698744643931E+01    -0.149623858366428E+00
     0.714372437264410E+00     0.573031569273012E+01    -0.151807661834987E+00
     0.713804106029651E+00     0.572364044361144E+01    -0.153988982827954E+00
     0.713235190009067E+00     0.571696159737428E+01    -0.156167808578958E+00
     0.712665677985841E+00     0.571027904794531E+01    -0.158344126324025E+00
     0.712095558294348E+00     0.570359268462579E+01    -0.160517923304606E+00
     0.711524818793009E+00     0.569690239180982E+01    -0.162689186770912E+00
     0.710953446834913E+00     0.569020804867948E+01    -0.164857903986074E+00
     0.710381429236310E+00     0.568350952887634E+01    -0.167024062228424E+00
     0.709808752242100E+00     0.567680670014345E+01    -0.169187648796996E+00
     0.709235401488705E+00     0.567009942393854E+01    -0.171348651015054E+00
     0.708661361963676E+00     0.566338755501305E+01    -0.173507056234357E+00
     0.708086617961543E+00     0.565667094095312E+01    -0.175662851841296E+00
     0.707511153036093E+00     0.564994942168085E+01    -0.177816025260550E+00
     0.706934949947880E+00     0.564322282890771E+01    -0.179966563962031E+00
     0.706357990607136E+00     0.563649098553809E+01    -0.182114455466037E+00
     0.705780256011063E+00     0.562975370501457E+01    -0.184259687350145E+00
     0.705201726175104E+00     0.562301079059961E+01    -0.186402247255919E+00
     0.704622380057380E+00     0.561626203458507E+01    -0.188542122896107E+00
     0.704042195475404E+00     0.560950721742072E+01    -0.190679302062575E+00
     0.703461149014133E+00     0.560274610675146E+01    -0.192813772634821E+00
     0.702879215924253E+00     0.559597845635135E+01    -0.194945522588925E+00
     0.702296370009456E+00     0.558920400494109E+01    -0.197074540006481E+00
     0.701712583500885E+00     0.558242247487138E+01    -0.199200813086053E+00
     0.701127826917580E+00     0.557563357065632E+01    -0.201324330152566E+00
     0.700542068910195E+00     0.556883697733177E+01    -0.203445079669986E+00
     0.699955276086099E+00     0.556203235861580E+01    -0.205563050253178E+00
     0.699367412812708E+00     0.555521935483925E+01    -0.207678230681526E+00
     0.698778440995993E+00     0.554839758061242E+01    -0.209790609912045E+00
     0.698188319829733E+00     0.554156662218328E+01    -0.211900177095328E+00
     0.697597005511265E+00     0.553472603443897E+01    -0.214006921590593E+00
     0.697004450917713E+00     0.552787533748846E+01    -0.216110832982124E+00
     0.696410605235709E+00     0.552101401275240E+01    -0.218211901098032E+00
     0.695815413536803E+00     0.551414149847425E+01    -0.220310116027154E+00
     0.695218816287612E+00     0.550725718454002E+01    -0.222405468140001E+00
     0.694620748783055E+00     0.550036040647795E+01    -0.224497948107542E+00
     0.694021140486520E+00     0.549345043847000E+01    -0.226587546923083E+00
     0.693419914258306E+00     0.548652648517291E+01    -0.228674255923259E+00
     0.692816985448085E+00     0.547958767209122E+01    -0.230758066809588E+00
     0.692212260821027E+00     0.547263303417803E+01    -0.232838971669756E+00
     0.691605637278798E+00     0.546566150224918E+01    -0.234916962998835E+00
     0.690997000325848E+00     0.545867188667968E+01    -0.236992033717388E+00
     0.690386222215808E+00     0.545166285768748E+01    -0.239064177188358E+00
     0.689773159693141E+00     0.544463292129530E+01    -0.241133387228366E+00
     0.689157651216555E+00     0.543758038975679E+01    -0.243199658112070E+00
     0.688539513511308E+00     0.543050334481120E+01    -0.245262984566390E+00
     0.687918537241539E+00     0.542339959152908E+01    -0.247323361747845E+00
     0.687294481511614E+00     0.541626659963423E+01    -0.249380785198290E+00
     0.686667066786535E+00     0.540910142790186E+01    -0.251435250757206E+00
     0.686035965633554E+00     0.540190062525351E+01    -0.253486754452732E+00
     0.685400790418638E+00     0.539466009919789E+01    -0.255535292257745E+00
     0.684761076620545E+00     0.538737493735354E+01    -0.257580859778362E+00
     0.684116259706393E+00     0.538003915993930E+01    -0.259623451729602E+00
     0.683465642242162E+00     0.537264536755162E+01    -0.261663061112879E+00
     0.682808345676302E+00     0.536518422451888E+01    -0.263699677897271E+00
     0.682143237053791E+00     0.535764367320589E+01    -0.265733286847368E+00
     0.681468812628017E+00     0.535000768555966E+01    -0.267763863824429E+00
     0.680783002664344E+00     0.534225416820614E+01    -0.269791369176836E+00
     0.680082820432252E+00     0.533435119338338E+01    -0.271815735161497E+00
     0.679363669695471E+00     0.532624955905430E+01    -0.273836839809007E+00
     0.678617788214340E+00     0.531786605825168E+01    -0.275854445275221E+00
     0.677829973511497E+00     0.530903751167765E+01    -0.277868020770552E+00
     0.676960662420081E+00     0.529933869471794E+01    -0.279876009466055E+00
     0.676082467605374E+00     0.528955059305279E+01    -0.281877474802819E+00
     0.675557162656148E+00     0.528356288159444E+01    -0.283883035697228E+00
     0.675031551729034E+00     0.527757424413513E+01    -0.285884869326356E+00
     0.674505629850769E+00     0.527158461448796E+01    -0.287882940777603E+00
     0.673979391855439E+00     0.526559392349854E+01    -0.289877214065806E+00
     0.673452832377659E+00     0.525960209888901E+01    -0.291867652029492E+00
     0.672925945838203E+00     0.525360906506606E+01    -0.293854216290813E+00
     0.672398726432160E+00     0.524761474292695E+01    -0.295836867176045E+00
     0.671871168116004E+00     0.524161904965062E+01    -0.297815563632965E+00
     0.671343264591082E+00     0.523562189846083E+01    -0.299790263161624E+00
     0.670815009290147E+00     0.522962319839039E+01    -0.301760921707130E+00
     0.670286395359247E+00     0.522362285400960E+01    -0.303727493569104E+00
     0.669757415639405E+00     0.521762076513854E+01    -0.305689931295271E+00
     0.669228062646798E+00     0.521161682653532E+01    -0.307648185565614E+00
     0.668698328550962E+00     0.520561092755629E+01    -0.309602205068666E+00
     0.668168205151423E+00     0.519960295178813E+01    -0.311551936364751E+00
     0.667637683851949E+00     0.519359277664587E+01    -0.313497323739329E+00
     0.667106755632604E+00     0.518758027293503E+01    -0.315438309042193E+00
     0.666575411019329E+00     0.518156530437384E+01    -0.317374831511029E+00
     0.666043640050470E+00     0.517554772706946E+01    -0.319306827579792E+00
     0.665511432240205E+00     0.516952738894430E+01    -0.321234230667904E+00
     0.664978776538345E+00     0.516350412910576E+01    -0.323156970948891E+00
     0.664445661286134E+00     0.515747777715273E+01    -0.325074975095768E+00
     0.663912074167395E+00     0.515144815241019E+01    -0.326988166001079E+00
     0.663378002154821E+00     0.514541506308476E+01    -0.328896462465627E+00
     0.662843431449537E+00     0.513937830532498E+01    -0.330799778861750E+00
     0.662308347417175E+00     0.513333766219114E+01    -0.332698024732099E+00
     0.661772734511026E+00     0.512729290248557E+01    -0.334591104393352E+00
     0.661236576191809E+00     0.512124377946959E+01    -0.336478916445914E+00
     0.660699854835146E+00     0.511519002941668E+01    -0.338361353249673E+00
     0.660162551628540E+00     0.510913136999252E+01    -0.340238300329527E+00
     0.659624646455047E+00     0.510306749842976E+01    -0.342109635709686E+00
     0.659086117762482E+00     0.509699808947000E+01    -0.343975229158595E+00
     0.658546942414864E+00     0.509092279303053E+01    -0.345834941337112E+00
     0.658007095523884E+00     0.508484123155352E+01    -0.347688622828369E+00
     0.657466550255769E+00     0.507875299697801E+01    -0.349536113038968E+00
     0.656925277612976E+00     0.507265764728330E+01    -0.351377238916032E+00
     0.656383246178620E+00     0.506655470249449E+01    -0.353211813510877E+00
     0.655840421824801E+00     0.506044364008203E+01    -0.355039634289711E+00
     0.655296767373187E+00     0.505432388961755E+01    -0.356860481181016E+00
     0.654752242197896E+00     0.504819482653345E+01    -0.358674114307646E+00
     0.654206801762776E+00     0.504205576481510E+01    -0.360480271302099E+00
     0.653660397070312E+00     0.503590594835531E+01    -0.362278664182449E+00
     0.653112974012709E+00     0.502974454071109E+01    -0.364068975599623E+00
     0.652564472593580E+00     0.502357061284607E+01    -0.365850854374729E+00
     0.652014825990795E+00     0.501738312836798E+01    -0.367623910125904E+00
     0.651463959419871E+00     0.501118092561055E+01    -0.369387706740379E+00
     0.650911788741239E+00     0.500496269568520E+01    -0.371141754391525E+00
     0.650358218740405E+00     0.499872695535260E+01    -0.372885499658266E+00
     0.649803140976783E+00     0.499247201311488E+01    -0.374618313206873E+00
     0.649246431068768E+00     0.498619592637236E+01    -0.376339474197437E+00
     0.648687945215208E+00     0.497989644655343E+01    -0.378048150349801E+00
     0.648127515679536E+00     0.497357094784785E+01    -0.379743372045911E+00
     0.647564944828973E+00     0.496721633312016E+01    -0.381423998154203E+00
     0.646999997121775E+00     0.496082890739900E+01    -0.383088670085168E+00
     0.646432388102682E+00     0.495440420413240E+01    -0.384735748748496E+00
     0.645861768930103E+00     0.494793674076772E+01    -0.386363225832618E+00
     0.645287703978179E+00     0.494141966493175E+01    -0.387968595478121E+00
     0.644772193714732E+00     0.493584060046161E+01    -0.389906345650442E+00
     0.644270133456880E+00     0.493048003205219E+01    -0.391918727132334E+00
     0.643767944018685E+00     0.492512156872252E+01    -0.393928108698574E+00
     0.643265625239284E+00     0.491976521714864E+01    -0.395934484994122E+00
     0.642763176962842E+00     0.491441098407288E+01    -0.397937850704332E+00
     0.642260599038688E+00     0.490905887630599E+01    -0.399938200556112E+00
     0.641757891321483E+00     0.490370890072929E+01    -0.401935529318967E+00
     0.641255053671373E+00     0.489836106429698E+01    -0.403929831806168E+00
     0.640752085954266E+00     0.489301537403898E+01    -0.405921102875194E+00
     0.640248988041894E+00     0.488767183706287E+01    -0.407909337429677E+00
     0.639745759812124E+00     0.488233046055697E+01    -0.409894530419727E+00
     0.639242401149126E+00     0.487699125179293E+01    -0.411876676843356E+00
     0.638738911943545E+00     0.487165421812829E+01    -0.413855771747911E+00
     0.638235292092789E+00     0.486631936700973E+01    -0.415831810230830E+00
     0.637731541501206E+00     0.486098670597578E+01    -0.417804787441218E+00
     0.637227660080323E+00     0.485565624266002E+01    -0.419774698581136E+00
     0.636723647749117E+00     0.485032798479431E+01    -0.421741538906755E+00
     0.636219504434252E+00     0.484500194021215E+01    -0.423705303729826E+00
     0.635715230070340E+00     0.483967811685205E+01    -0.425665988419091E+00
     0.635210824600175E+00     0.483435652276099E+01    -0.427623588402033E+00
     0.634706287975092E+00     0.482903716609844E+01    -0.429578099165859E+00
     0.634201620155183E+00     0.482372005513987E+01    -0.431529516259557E+00
     0.633696821109643E+00     0.481840519828096E+01    -0.433477835295251E+00
     0.633191890817012E+00     0.481309260404135E+01    -0.435423051950326E+00
     0.632686829265602E+00     0.480778228106946E+01    -0.437365161968510E+00
     0.632181636453764E+00     0.480247423814655E+01    -0.439304161162127E+00
     0.631676312390204E+00     0.479716848419125E+01    -0.441240045414149E+00
     0.631170857094439E+00     0.479186502826470E+01    -0.443172810679565E+00
     0.630665270597075E+00     0.478656387957514E+01    -0.445102452987981E+00
     0.630159552940247E+00     0.478126504748327E+01    -0.447028968445380E+00
     0.629653704177996E+00     0.477596854150749E+01    -0.448952353236466E+00
     0.629147724376718E+00     0.477067437132957E+01    -0.450872603626701E+00
     0.628641613615540E+00     0.476538254680022E+01    -0.452789715965018E+00
     0.628135371986814E+00     0.476009307794523E+01    -0.454703686685978E+00
     0.627628999596602E+00     0.475480597497183E+01    -0.456614512312158E+00
     0.627122496565110E+00     0.474952124827491E+01    -0.458522189457125E+00
     0.626615863027200E+00     0.474423890844381E+01    -0.460426714828116E+00
     0.626109099132956E+00     0.473895896626953E+01    -0.462328085228622E+00
     0.625602205048204E+00     0.473368143275190E+01    -0.464226297561476E+00
     0.625095180955063E+00     0.472840631910715E+01    -0.466121348832050E+00
     0.624588027052605E+00     0.472313363677605E+01    -0.468013236151020E+00
     0.624080743557359E+00     0.471786339743180E+01    -0.469901956738377E+00
     0.623573330704062E+00     0.471259561298896E+01    -0.471787507926232E+00
     0.623065788746268E+00     0.470733029561230E+01    -0.473669887162751E+00
     0.622558117957061E+00     0.470206745772610E+01    -0.475549092015849E+00
     0.622050318629800E+00     0.469680711202407E+01    -0.477425120176969E+00
     0.621542391078808E+00     0.469154927147919E+01    -0.479297969465610E+00
     0.621034335640282E+00     0.468629394935486E+01    -0.481167637832818E+00
     0.620526152673005E+00     0.468104115921550E+01    -0.483034123366374E+00
     0.620017842559274E+00     0.467579091493845E+01    -0.484897424295002E+00
     0.619509405705759E+00     0.467054323072586E+01    -0.486757538993459E+00
     0.619000842544524E+00     0.466529812111776E+01    -0.488614465987122E+00
     0.618492153533872E+00     0.466005560100466E+01    -0.490468203958143E+00
     0.617983339159545E+00     0.465481568564216E+01    -0.492318751749890E+00
     0.617474399935633E+00     0.464957839066474E+01    -0.494166108373810E+00
     0.616965336405827E+00     0.464434373210150E+01    -0.496010273014660E+00
     0.616456149144550E+00     0.463911172639181E+01    -0.497851245037190E+00
     0.615946838758169E+00     0.463388239040198E+01    -0.499689023992889E+00
     0.615437405886334E+00     0.462865574144283E+01    -0.501523609626716E+00
     0.614927851203303E+00     0.462343179728791E+01    -0.503355001884562E+00
     0.614418175419407E+00     0.461821057619298E+01    -0.505183200920678E+00
     0.613908379282484E+00     0.461299209691588E+01    -0.507008207106059E+00
     0.613398463579506E+00     0.460777637873800E+01    -0.508830021036529E+00
     0.612888429138197E+00     0.460256344148649E+01    -0.510648643541802E+00
     0.612378276828770E+00     0.459735330555769E+01    -0.512464075694736E+00
     0.611868007565718E+00     0.459214599194168E+01    -0.514276318821343E+00
     0.611357622309809E+00     0.458694152224855E+01    -0.516085374510583E+00
     0.610847122070035E+00     0.458173991873546E+01    -0.517891244625618E+00
     0.610336507905736E+00     0.457654120433544E+01    -0.519693931315283E+00
     0.609825780928869E+00     0.457134540268785E+01    -0.521493437025881E+00
     0.609314942306378E+00     0.456615253817050E+01    -0.523289764513861E+00
     0.608803993262602E+00     0.456096263593304E+01    -0.525082916859693E+00
     0.608292935082008E+00     0.455577572193313E+01    -0.526872897481369E+00
     0.607781769111913E+00     0.455059182297394E+01    -0.528659710149689E+00
     0.607270496765388E+00     0.454541096674384E+01    -0.530443359004252E+00
     0.606759119524411E+00     0.454023318185892E+01    -0.532223848569831E+00
     0.606247638943159E+00     0.453505849790758E+01    -0.534001183774021E+00
     0.605736056651411E+00     0.452988694549763E+01    -0.535775369966460E+00
     0.605224374358301E+00     0.452471855630675E+01    -0.537546412938238E+00
     0.604712593856183E+00     0.451955336313549E+01    -0.539314318943284E+00
     0.604200717024834E+00     0.451439139996412E+01    -0.541079094720342E+00
     0.603688745835777E+00     0.450923270201230E+01    -0.542840747517301E+00
     0.603176682357023E+00     0.450407730580323E+01    -0.544599285116049E+00
     0.602664528758021E+00     0.449892524923149E+01    -0.546354715859585E+00
     0.602152287314983E+00     0.449377657163555E+01    -0.548107048680515E+00
     0.601639960416498E+00     0.448863131387479E+01    -0.549856293131780E+00
     0.601127550569597E+00     0.448348951841204E+01    -0.551602459418995E+00
     0.600615060406161E+00     0.447835122940142E+01    -0.553345558435373E+00
     0.600102492689758E+00     0.447321649278219E+01    -0.555085601799086E+00
     0.599589850323047E+00     0.446808535637955E+01    -0.556822601892678E+00
     0.599077136355617E+00     0.446295787001226E+01    -0.558556571905791E+00
     0.598564353992399E+00     0.445783408560798E+01    -0.560287525880924E+00
     0.598051506602713E+00     0.445271405732726E+01    -0.562015478762329E+00
     0.597538597730018E+00     0.444759784169678E+01    -0.563740446448364E+00
     0.597025631102241E+00     0.444248549775209E+01    -0.565462445848675E+00
     0.596512610643102E+00     0.443737708719210E+01    -0.567181494944529E+00
     0.595999540484146E+00     0.443227267454495E+01    -0.568897612854838E+00
     0.595486424977866E+00     0.442717232734766E+01    -0.570610819906555E+00
     0.594973268711703E+00     0.442207611633941E+01    -0.572321137711819E+00
     0.594460076523365E+00     0.441698411567156E+01    -0.574028589250319E+00
     0.593946853517289E+00     0.441189640313461E+01    -0.575733198959280E+00
     0.593433605082593E+00     0.440681306040485E+01    -0.577434992830591E+00
     0.592920336912480E+00     0.440173417331204E+01    -0.579133998516770E+00
     0.592407055025399E+00     0.439665983213084E+01    -0.580830245446047E+00
     0.591893765788115E+00     0.439159013189867E+01    -0.582523764947607E+00
     0.591380475940830E+00     0.438652517276237E+01    -0.584214590388689E+00
     0.590867192624677E+00     0.438146506035750E+01    -0.585902757324232E+00
     0.590353923411800E+00     0.437640990622371E+01    -0.587588303660972E+00
     0.589840676338399E+00     0.437135982826092E+01    -0.589271269837219E+00
     0.589327459940983E+00     0.436631495123054E+01    -0.590951699020921E+00
     0.588814283296347E+00     0.436127540730794E+01    -0.592629637327520E+00
     0.588301156065686E+00     0.435624133669249E+01    -0.594305134060489E+00
     0.587788088543288E+00     0.435121288828204E+01    -0.595978241978005E+00
     0.587275091710673E+00     0.434619022042170E+01    -0.597649017587639E+00
     0.586762177296620E+00     0.434117350173559E+01    -0.599317521474739E+00
     0.586249357844297E+00     0.433616291203661E+01    -0.600983818633464E+00
     0.585736646785012E+00     0.433115864342800E+01    -0.602647979007057E+00
     0.585224058523323E+00     0.432616090136995E+01    -0.604310077756169E+00
     0.584711608529990E+00     0.432116990604320E+01    -0.605970195894194E+00
     0.584199313448154E+00     0.431618589380474E+01    -0.607628420836858E+00
     0.583687191212814E+00     0.431120911884886E+01    -0.609284847057927E+00
     0.583175261186548E+00     0.430623985509265E+01    -0.610939576831505E+00
     0.582663544313852E+00     0.430127839832214E+01    -0.612592721077744E+00
     0.582152063297363E+00     0.429632506864486E+01    -0.614244400329784E+00
     0.581640842800164E+00     0.429138021330489E+01    -0.615894745841901E+00
     0.581129909678643E+00     0.428644420992619E+01    -0.617543900867504E+00
     0.580619293251975E+00     0.428151747026749E+01    -0.619192022137987E+00
     0.580109025615508E+00     0.427660044459067E+01    -0.620839281582747E+00
     0.579599142007020E+00     0.427169362676878E+01    -0.622485868340266E+00
     0.579089681237110E+00     0.426679756029245E+01    -0.624131991123239E+00
     0.578580686198246E+00     0.426191284537590E+01    -0.625777881015129E+00
     0.578072204470421E+00     0.425704014741726E+01    -0.627423794800312E+00
     0.577564289047053E+00     0.425218020714279E+01    -0.629070018955896E+00
     0.577056999211517E+00     0.424733385286231E+01    -0.630716874473696E+00
     0.576550401604228E+00     0.424250201539772E+01    -0.632364722734516E+00
     0.576044571533760E+00     0.423768574643688E+01    -0.634013972733877E+00
     0.575539594603601E+00     0.423288624139865E+01    -0.635665090210182E+00
     0.575035568750888E+00     0.422810486753097E+01    -0.637318607956966E+00
     0.574532606839180E+00     0.422334320127913E+01    -0.638975142141866E+00
     0.574000169468296E+00     0.421816455446951E+01    -0.640465439697520E+00
     0.573451928820821E+00     0.421276549667735E+01    -0.641865497534187E+00
     0.572903407622267E+00     0.420736820498632E+01    -0.643261384814201E+00
     0.572354604910236E+00     0.420197267706237E+01    -0.644653094212491E+00
     0.571805519726148E+00     0.419657891068949E+01    -0.646040618569526E+00
     0.571256151110291E+00     0.419118690363596E+01    -0.647423950737989E+00
     0.570706498101950E+00     0.418579665365547E+01    -0.648803083582917E+00
     0.570156559739547E+00     0.418040815848830E+01    -0.650178009981732E+00
     0.569606335060635E+00     0.417502141586191E+01    -0.651548722825210E+00
     0.569055823102131E+00     0.416963642349261E+01    -0.652915215017084E+00
     0.568505022900264E+00     0.416425317908598E+01    -0.654277479475327E+00
     0.567953933490860E+00     0.415887168033880E+01    -0.655635509131544E+00
     0.567402553909300E+00     0.415349192493961E+01    -0.656989296932311E+00
     0.566850883190755E+00     0.414811391057043E+01    -0.658338835838896E+00
     0.566298920370220E+00     0.414273763490776E+01    -0.659684118828292E+00
     0.565746664482733E+00     0.413736309562427E+01    -0.661025138893122E+00
     0.565194114563434E+00     0.413199029038996E+01    -0.662361889042600E+00
     0.564641269647750E+00     0.412661921687381E+01    -0.663694362302766E+00
     0.564088128771500E+00     0.412124987274517E+01    -0.665022551717283E+00
     0.563534690971093E+00     0.411588225567559E+01    -0.666346450347710E+00
     0.562980955283670E+00     0.411051636334037E+01    -0.667666051274200E+00
     0.562426920747238E+00     0.410515219342028E+01    -0.668981347596266E+00
     0.561872586400885E+00     0.409978974360347E+01    -0.670292332433205E+00
     0.561317951284947E+00     0.409442901158738E+01    -0.671598998924791E+00
     0.560763014441143E+00     0.408906999508047E+01    -0.672901340232297E+00
     0.560207774912876E+00     0.408371269180477E+01    -0.674199349538588E+00
     0.559652231745272E+00     0.407835709949733E+01    -0.675493020049809E+00
     0.559096383985591E+00     0.407300321591325E+01    -0.676782344995047E+00
     0.558540230683243E+00     0.406765103882722E+01    -0.678067317628305E+00
     0.557983770890177E+00     0.406230056603661E+01    -0.679347931228440E+00
     0.557427003660998E+00     0.405695179536347E+01    -0.680624179100784E+00
     0.556869928053306E+00     0.405160472465757E+01    -0.681896054577513E+00
     0.556312543127847E+00     0.404625935179867E+01    -0.683163551019306E+00
     0.555754847948902E+00     0.404091567469993E+01    -0.684426661815624E+00
     0.555196841584448E+00     0.403557369131037E+01    -0.685685380386520E+00
     0.554638523106549E+00     0.403023339961836E+01    -0.686939700183165E+00
     0.554079891591583E+00     0.402489479765462E+01    -0.688189614689477E+00
     0.553520946120568E+00     0.401955788349558E+01    -0.689435117423294E+00
     0.552961685779513E+00     0.401422265526701E+01    -0.690676201937542E+00
     0.552402109659745E+00     0.400888911114761E+01    -0.691912861821688E+00
     0.551842216858280E+00     0.400355724937292E+01    -0.693145090703069E+00
     0.551282006478163E+00     0.399822706823917E+01    -0.694372882248579E+00
     0.550721477628862E+00     0.399289856610746E+01    -0.695596230166168E+00
     0.550160629426699E+00     0.398757174140824E+01    -0.696815128206348E+00
     0.549599460995213E+00     0.398224659264557E+01    -0.698029570164210E+00
     0.549037971465709E+00     0.397692311840235E+01    -0.699239549880614E+00
     0.548476159977547E+00     0.397160131734452E+01    -0.700445061245025E+00
     0.547914025678755E+00     0.396628118822681E+01    -0.701646098196688E+00
     0.547351567726535E+00     0.396096272989814E+01    -0.702842654726715E+00
     0.546788785287622E+00     0.395564594130660E+01    -0.704034724881093E+00
     0.546225677539052E+00     0.395033082150625E+01    -0.705222302761743E+00
     0.545662243668561E+00     0.394501736966255E+01    -0.706405382529808E+00
     0.545098482875212E+00     0.393970558505901E+01    -0.707583958407990E+00
     0.544534394370107E+00     0.393439546710417E+01    -0.708758024682631E+00
     0.543969977376877E+00     0.392908701533813E+01    -0.709927575707348E+00
     0.543405231132527E+00     0.392378022944046E+01    -0.711092605904966E+00
     0.542840154888018E+00     0.391847510923747E+01    -0.712253109771266E+00
     0.542274747909088E+00     0.391317165471059E+01    -0.713409081877684E+00
     0.541709009476944E+00     0.390786986600445E+01    -0.714560516875114E+00
     0.541142938889161E+00     0.390256974343608E+01    -0.715707409496930E+00
     0.540576535460531E+00     0.389727128750418E+01    -0.716849754562634E+00
     0.540009798523824E+00     0.389197449889834E+01    -0.717987546982448E+00
     0.539442727430894E+00     0.388667937850985E+01    -0.719120781760391E+00
     0.538875321553556E+00     0.388138592744203E+01    -0.720249453999078E+00
     0.538307580284630E+00     0.387609414702149E+01    -0.721373558904111E+00
     0.537739503038976E+00     0.387080403880972E+01    -0.722493091788976E+00
     0.537171089254746E+00     0.386551560461592E+01    -0.723608048079300E+00
     0.536602338394383E+00     0.386022884650923E+01    -0.724718423319058E+00
     0.536033249946018E+00     0.385494376683294E+01    -0.725824213175202E+00
     0.535463823424691E+00     0.384966036821847E+01    -0.726925413443879E+00
     0.534894058373775E+00     0.384437865360059E+01    -0.728022020056174E+00
     0.534323954366303E+00     0.383909862623279E+01    -0.729114029085118E+00
     0.533753511006608E+00     0.383382028970438E+01    -0.730201436751722E+00
     0.533182727931847E+00     0.382854364795775E+01    -0.731284239432444E+00
     0.532611604813661E+00     0.382326870530667E+01    -0.732362433666711E+00
     0.532040141359976E+00     0.381799546645583E+01    -0.733436016164611E+00
     0.531468337316774E+00     0.381272393652099E+01    -0.734504983815646E+00
     0.530896192470144E+00     0.380745412105079E+01    -0.735569333696982E+00
     0.530323706648246E+00     0.380218602604914E+01    -0.736629063083230E+00
     0.529750879723521E+00     0.379691965799926E+01    -0.737684169456016E+00
     0.529177711614940E+00     0.379165502388880E+01    -0.738734650514521E+00
     0.528604202290470E+00     0.378639213123667E+01    -0.739780504186154E+00
     0.528030351769486E+00     0.378113098812071E+01    -0.740821728638812E+00
     0.527456160125612E+00     0.377587160320795E+01    -0.741858322292343E+00
     0.526881627488863E+00     0.377061398578484E+01    -0.742890283837635E+00
     0.526306754050908E+00     0.376535814579357E+01    -0.743917612228697E+00
     0.525731540064919E+00     0.376010409386271E+01    -0.744940306729154E+00
     0.525155985851133E+00     0.375485184134754E+01    -0.745958366906553E+00
     0.524580091799801E+00     0.374960140036846E+01    -0.746971792654261E+00
     0.524003858374943E+00     0.374435278385279E+01    -0.747980584208836E+00
     0.523427286118394E+00     0.373910600557927E+01    -0.748984742168206E+00
     0.522850375653903E+00     0.373386108022465E+01    -0.749984267511876E+00
     0.522273127691697E+00     0.372861802341386E+01    -0.750979161621344E+00
     0.521695543033134E+00     0.372337685177261E+01    -0.751969426302798E+00
     0.521117622575846E+00     0.371813758298410E+01    -0.752955063810176E+00
     0.520539367319031E+00     0.371290023584859E+01    -0.753936076870680E+00
     0.519960778369083E+00     0.370766483034683E+01    -0.754912468711914E+00
     0.519381856945811E+00     0.370243138770849E+01    -0.755884243089589E+00
     0.518802604388697E+00     0.369719993048365E+01    -0.756851404319025E+00
     0.518223022163908E+00     0.369197048262033E+01    -0.757813957306919E+00
     0.517643111871571E+00     0.368674306954643E+01    -0.758771907586386E+00
     0.517062875253524E+00     0.368151771825723E+01    -0.759725261354373E+00
     0.516482314201804E+00     0.367629445740959E+01    -0.760674025510655E+00
     0.515901430767420E+00     0.367107331742160E+01    -0.761618207701050E+00
     0.515320227169905E+00     0.366585433057980E+01    -0.762557816362818E+00
     0.514738705807618E+00     0.366063753115435E+01    -0.763492860772931E+00
     0.514156869268559E+00     0.365542295552161E+01    -0.764423351100938E+00
     0.513574720342099E+00     0.365021064229603E+01    -0.765349298465031E+00
     0.512992262031577E+00     0.364500063247196E+01    -0.766270714992163E+00
     0.512409497567727E+00     0.363979296957543E+01    -0.767187613883244E+00
     0.511826430423256E+00     0.363458769982805E+01    -0.768100009482480E+00
     0.511243064328312E+00     0.362938487232251E+01    -0.769007917353189E+00
     0.510659403287343E+00     0.362418453921253E+01    -0.769911354358437E+00
     0.510075451597210E+00     0.361898675591728E+01    -0.770810338748370E+00
     0.509491213866562E+00     0.361379158134161E+01    -0.771704890255311E+00
     0.508906695037019E+00     0.360859907811480E+01    -0.772595030195324E+00
     0.508321900405926E+00     0.360340931284832E+01    -0.773480781578805E+00
     0.507736835650941E+00     0.359822235641479E+01    -0.774362169230469E+00
     0.507151506856734E+00     0.359303828425048E+01    -0.775239219919194E+00
     0.506565920543947E+00     0.358785717668370E+01    -0.776111962498964E+00
     0.505980083700653E+00     0.358267911929154E+01    -0.776980428062038E+00
     0.505394003816474E+00     0.357750420328756E+01    -0.777844650106034E+00
     0.504807688919811E+00     0.357233252594448E+01    -0.778704664715565E+00
     0.504221147618349E+00     0.356716419105470E+01    -0.779560510760777E+00
     0.503634389143377E+00     0.356199930943372E+01    -0.780412230113701E+00
     0.503047423398061E+00     0.355683799946989E+01    -0.781259867885759E+00
     0.502460261010459E+00     0.355168038772719E+01    -0.782103472687091E+00
     0.501872913391449E+00     0.354652660960546E+01    -0.782943096911989E+00
     0.501285392798541E+00     0.354137681006654E+01    -0.783778797051458E+00
     0.500697712405787E+00     0.353623114443200E+01    -0.784610634038513E+00
     0.500109886381107E+00     0.353108977926352E+01    -0.785438673627220E+00
     0.499521929971190E+00     0.352595289333311E+01    -0.786262986813303E+00
     0.498933859595764E+00     0.352082067869753E+01    -0.787083650297322E+00
     0.498345692951117E+00     0.351569334188718E+01    -0.787900747005256E+00
     0.497757449127979E+00     0.351057110522889E+01    -0.788714366637400E+00
     0.497169148736779E+00     0.350545420831157E+01    -0.789524606335738E+00
     0.496580814053001E+00     0.350034290962586E+01    -0.790331571371867E+00
     0.495992469176500E+00     0.349523748839242E+01    -0.791135375944162E+00
     0.495404140210529E+00     0.349013824661030E+01    -0.791936144064301E+00
     0.494815855462565E+00     0.348504551135595E+01    -0.792734010552901E+00
     0.494227645670165E+00     0.347995963737021E+01    -0.793529122160241E+00
     0.493639544255675E+00     0.347488100997727E+01    -0.794321638831253E+00
     0.493051587614360E+00     0.346981004838766E+01    -0.795111735136895E+00
     0.492463815441273E+00     0.346474720944681E+01    -0.795899601898764E+00
     0.491876271103069E+00     0.345969299190210E+01    -0.796685448039668E+00
     0.491289002062738E+00     0.345464794127756E+01    -0.797469502696526E+00
     0.490702060365961E+00     0.344961265546041E+01    -0.798252017643920E+00
     0.490115503200641E+00     0.344458779112939E+01    -0.799033270081628E+00
     0.489529393542646E+00     0.343957407117888E+01    -0.799813565856079E+00
     0.488943800904853E+00     0.343457229333209E+01    -0.800593243195796E+00
     0.488358802209110E+00     0.342958334017564E+01    -0.801372677066351E+00
     0.487774482807003E+00     0.342460819090997E+01    -0.802152284268291E+00
     0.487190937680480E+00     0.341964793517834E+01    -0.802932529438459E+00
     0.486608272862406E+00     0.341470378943373E+01    -0.803713932148801E+00
     0.486026607126941E+00     0.340977711643239E+01    -0.804497075371397E+00
     0.485446074013056E+00     0.340486944858788E+01    -0.805282615622379E+00
     0.484866824270299E+00     0.339998251617402E+01    -0.806071295175634E+00
     0.484289028827459E+00     0.339511828162883E+01    -0.806863956968555E+00
     0.483712882435269E+00     0.339027898165482E+01    -0.807661562881933E+00
     0.483138608176485E+00     0.338546717935991E+01    -0.808465216361686E+00
     0.482522700042025E+00     0.338016262985246E+01    -0.809051598367227E+00
     0.481842146493818E+00     0.337409285189335E+01    -0.809303443855127E+00
     0.481159676227072E+00     0.336800898306834E+01    -0.809543049408253E+00
     0.480475208158272E+00     0.336191013248620E+01    -0.809770013459125E+00
     0.479788653397327E+00     0.335579532158501E+01    -0.809983895608323E+00
     0.479099914125554E+00     0.334966347145885E+01    -0.810184211022485E+00
     0.478408882257889E+00     0.334351338774349E+01    -0.810370423760598E+00
     0.477715437836787E+00     0.333734374245356E+01    -0.810541938749977E+00
     0.477019447084544E+00     0.333115305197205E+01    -0.810698092088463E+00
     0.476320760032025E+00     0.332493965018108E+01    -0.810838139159479E+00
     0.475619207587352E+00     0.331870165530352E+01    -0.810961240033746E+00
     0.474914597894275E+00     0.331243692861989E+01    -0.811066441240617E+00
     0.474206711741987E+00     0.330614302244267E+01    -0.811152652836253E+00
     0.473495296714028E+00     0.329981711374926E+01    -0.811218619145954E+00
     0.472780059623144E+00     0.329345591832479E+01    -0.811262880924153E+00
     0.472060656575372E+00     0.328705557793500E+01    -0.811283725639358E+00
     0.471336679685734E+00     0.328061150940002E+01    -0.811279120995559E+00
     0.470607638956524E+00     0.327411819858360E+01    -0.811246624205003E+00
     0.469872936974025E+00     0.326756891256220E+01    -0.811183255245726E+00
     0.469131832595214E+00     0.326095528637283E+01    -0.811085314983283E+00
     0.468383387153753E+00     0.325426671041661E+01    -0.810948115573717E+00
     0.467626381630434E+00     0.324748938670896E+01    -0.810765565265712E+00
     0.466859182982867E+00     0.324060480499468E+01    -0.810529498155330E+00
     0.466218949458465E+00     0.323519823704689E+01    -0.810930373365245E+00
     0.465601269018759E+00     0.323005902381556E+01    -0.811441918227960E+00
     0.464982989479879E+00     0.322491930014549E+01    -0.811947528767150E+00
     0.464364108980586E+00     0.321977904528115E+01    -0.812447187266863E+00
     0.463744625677462E+00     0.321463823837847E+01    -0.812940875829693E+00
     0.463124537745841E+00     0.320949685850627E+01    -0.813428576373620E+00
     0.462503843380924E+00     0.320435488464826E+01    -0.813910270628144E+00
     0.461882540798777E+00     0.319921229570459E+01    -0.814385940130992E+00
     0.461260628237415E+00     0.319406907049364E+01    -0.814855566224506E+00
     0.460638103958037E+00     0.318892518775437E+01    -0.815319130051524E+00
     0.460014966246113E+00     0.318378062614803E+01    -0.815776612551958E+00
     0.459391213412696E+00     0.317863536426063E+01    -0.816227994458480E+00
     0.458766843795659E+00     0.317348938060513E+01    -0.816673256292678E+00
     0.458141855761028E+00     0.316834265362386E+01    -0.817112378360855E+00
     0.457516247704381E+00     0.316319516169121E+01    -0.817545340749677E+00
     0.456890018052288E+00     0.315804688311632E+01    -0.817972123321760E+00
     0.456263165263781E+00     0.315289779614585E+01    -0.818392705711211E+00
     0.455635687831923E+00     0.314774787896708E+01    -0.818807067318946E+00
     0.455007584285411E+00     0.314259710971101E+01    -0.819215187307889E+00
     0.454378853190228E+00     0.313744546645562E+01    -0.819617044598170E+00
     0.453749493151441E+00     0.313229292722953E+01    -0.820012617861826E+00
     0.453119502814922E+00     0.312713947001540E+01    -0.820401885517943E+00
     0.452488880869333E+00     0.312198507275410E+01    -0.820784825726862E+00
     0.451857626048022E+00     0.311682971334855E+01    -0.821161416384919E+00
     0.451225737131010E+00     0.311167336966780E+01    -0.821531635118947E+00
     0.450593212947250E+00     0.310651601955199E+01    -0.821895459279814E+00
     0.449960052376681E+00     0.310135764081648E+01    -0.822252865937007E+00
     0.449326254352626E+00     0.309619821125716E+01    -0.822603831871949E+00
     0.448691817864094E+00     0.309103770865527E+01    -0.822948333571914E+00
     0.448056741958353E+00     0.308587611078317E+01    -0.823286347223041E+00
     0.447421025743483E+00     0.308071339540983E+01    -0.823617848703606E+00
     0.446784668391018E+00     0.307554954030666E+01    -0.823942813577151E+00
     0.446147669138853E+00     0.307038452325407E+01    -0.824261217084784E+00
     0.445510027294119E+00     0.306521832204787E+01    -0.824573034137818E+00
     0.444871742236220E+00     0.306005091450611E+01    -0.824878239309997E+00
     0.444232813420064E+00     0.305488227847645E+01    -0.825176806829212E+00
     0.443593240379353E+00     0.304971239184371E+01    -0.825468710569206E+00
     0.442953022730040E+00     0.304454123253778E+01    -0.825753924040948E+00
     0.442312160174014E+00     0.303936877854222E+01    -0.826032420383326E+00
     0.441670652502763E+00     0.303419500790271E+01    -0.826304172354259E+00
     0.441028499601418E+00     0.302901989873661E+01    -0.826569152320600E+00
     0.440385701452804E+00     0.302384342924244E+01    -0.826827332248359E+00
     0.439742258141757E+00     0.301866557771009E+01    -0.827078683692185E+00
     0.439098169859681E+00     0.301348632253176E+01    -0.827323177784298E+00
     0.438453436909142E+00     0.300830564221282E+01    -0.827560785223648E+00
     0.437808059708915E+00     0.300312351538405E+01    -0.827791476263664E+00
     0.437162038798997E+00     0.299793992081361E+01    -0.828015220700602E+00
     0.436515374846103E+00     0.299275483742046E+01    -0.828231987860393E+00
     0.435868068649254E+00     0.298756824428791E+01    -0.828441746585627E+00
     0.435220121145732E+00     0.298238012067821E+01    -0.828644465221569E+00
     0.434571533417176E+00     0.297719044604737E+01    -0.828840111602159E+00
     0.433922306696245E+00     0.297199920006176E+01    -0.829028653034311E+00
     0.433272442373261E+00     0.296680636261434E+01    -0.829210056282886E+00
     0.432621942003464E+00     0.296161191384270E+01    -0.829384287553864E+00
     0.431970807314517E+00     0.295641583414776E+01    -0.829551312477190E+00
     0.431319040214356E+00     0.295121810421324E+01    -0.829711096088953E+00
     0.430666642799501E+00     0.294601870502653E+01    -0.829863602812454E+00
     0.430013617363778E+00     0.294081761790048E+01    -0.830008796438475E+00
     0.429359966407505E+00     0.293561482449654E+01    -0.830146640104483E+00
     0.428705692647131E+00     0.293041030684901E+01    -0.830277096272981E+00
     0.428050799025439E+00     0.292520404739081E+01    -0.830400126708513E+00
     0.427395288722250E+00     0.291999602898057E+01    -0.830515692453683E+00
     0.426739165165759E+00     0.291478623493133E+01    -0.830623753803773E+00
     0.426082432044483E+00     0.290957464904096E+01    -0.830724270279997E+00
     0.425425093319855E+00     0.290436125562409E+01    -0.830817200601422E+00
     0.424767153239583E+00     0.289914603954623E+01    -0.830902502655153E+00
     0.424108616351707E+00     0.289392898625956E+01    -0.830980133465063E+00
     0.423449487519617E+00     0.288871008184136E+01    -0.831050049158225E+00
     0.422789771937792E+00     0.288348931303419E+01    -0.831112204929983E+00
     0.422129475148621E+00     0.287826666728894E+01    -0.831166555006440E+00
     0.421468603060171E+00     0.287304213281040E+01    -0.831213052604946E+00
     0.420807161965143E+00     0.286781569860577E+01    -0.831251649891788E+00
     0.420145158560940E+00     0.286258735453612E+01    -0.831282297937524E+00
     0.419482599971042E+00     0.285735709137125E+01    -0.831304946669305E+00
     0.418819493767885E+00     0.285212490084837E+01    -0.831319544819652E+00
     0.418155847997108E+00     0.284689077573428E+01    -0.831326039872291E+00
     0.417491671203512E+00     0.284165470989199E+01    -0.831324378003985E+00
     0.416826972458867E+00     0.283641669835201E+01    -0.831314504022009E+00
     0.416161761391557E+00     0.283117673738838E+01    -0.831296361297490E+00
     0.415496048218422E+00     0.282593482460019E+01    -0.831269891693574E+00
     0.414829843778976E+00     0.282069095899929E+01    -0.831235035487894E+00
     0.414163159572017E+00     0.281544514110385E+01    -0.831191731289670E+00
     0.413496007795196E+00     0.281019737303953E+01    -0.831139915949498E+00
     0.412828401387636E+00     0.280494765864830E+01    -0.831079524461967E+00
     0.412160354075815E+00     0.279969600360539E+01    -0.831010489860558E+00
     0.411491880423379E+00     0.279444241554612E+01    -0.830932743102873E+00
     0.410822995884935E+00     0.278918690420261E+01    -0.830846212946380E+00
     0.410153716864627E+00     0.278392948155245E+01    -0.830750825812266E+00
     0.409484060779713E+00     0.277867016197973E+01    -0.830646505637211E+00
     0.408814046129870E+00     0.277340896245014E+01    -0.830533173710958E+00
     0.408143692573019E+00     0.276814590270227E+01    -0.830410748497587E+00
     0.407473021008225E+00     0.276288100545615E+01    -0.830279145439251E+00
     0.406802053666859E+00     0.275761429664212E+01    -0.830138276738963E+00
     0.406130814212767E+00     0.275234580565154E+01    -0.829988051120793E+00
     0.405459327852982E+00     0.274707556561315E+01    -0.829828373563139E+00
     0.404787621460308E+00     0.274180361369829E+01    -0.829659145001526E+00
     0.404115723709398E+00     0.273652999145853E+01    -0.829480261996850E+00
     0.403443665228523E+00     0.273125474520109E+01    -0.829291616362808E+00
     0.402771478769348E+00     0.272597792640750E+01    -0.829093094746484E+00
     0.402099199397528E+00     0.272069959220181E+01    -0.828884578154415E+00
     0.401426864707886E+00     0.271541980587747E+01    -0.828665941413715E+00
     0.400754515068040E+00     0.271013863749154E+01    -0.828437052557890E+00
     0.400082193895949E+00     0.270485616453911E+01    -0.828197772122151E+00
     0.399409947977615E+00     0.269957247272230E+01    -0.827947952330963E+00
     0.398737827832867E+00     0.269428765683195E+01    -0.827687436155985E+00
     0.398065888139297E+00     0.268900182176542E+01    -0.827416056216195E+00
     0.397394188226827E+00     0.268371508370886E+01    -0.827133633485348E+00
     0.396722792659115E+00     0.267842757152111E+01    -0.826839975761283E+00
     0.396051771922750E+00     0.267313942836692E+01    -0.826534875838022E+00
     0.395381203251991E+00     0.266785081366291E+01    -0.826218109301896E+00
     0.394711171625372E+00     0.266256190541817E+01    -0.825889431848888E+00
     0.394041770984441E+00     0.265727290308378E+01    -0.825548575979446E+00
     0.393373105743163E+00     0.265198403106563E+01    -0.825195246874858E+00
     0.392705292685122E+00     0.264669554311958E+01    -0.824829117175953E+00
     0.392038463388394E+00     0.264140772794290E+01    -0.824449820260902E+00
     0.391372767385855E+00     0.263612091642813E+01    -0.824056941420732E+00
     0.390708376378230E+00     0.263083549128840E+01    -0.823650006011200E+00
     0.390045490004781E+00     0.262555190018125E+01    -0.823228463109076E+00
     0.389384344008066E+00     0.262027067419195E+01    -0.822791662226677E+00
     0.388725222259287E+00     0.261499245493328E+01    -0.822338818779915E+00
     0.388068475390181E+00     0.260971803634523E+01    -0.821868960223221E+00
     0.387414551646111E+00     0.260444843360071E+01    -0.821380836246590E+00
     0.386764052852927E+00     0.259918500755118E+01    -0.820872754812405E+00
     0.386117850624185E+00     0.259392972196081E+01    -0.820342239426978E+00
     0.385477389082093E+00     0.258868581055154E+01    -0.819785130293737E+00
     0.384846037172434E+00     0.258346074109128E+01    -0.819191537653589E+00
     0.384360456374608E+00     0.257947428470547E+01    -0.819071614349179E+00
     0.383905102453850E+00     0.257576290513149E+01    -0.819064601086040E+00
     0.383449782441521E+00     0.257205495769907E+01    -0.819055935824809E+00
     0.382994497227059E+00     0.256835044466215E+01    -0.819045622713421E+00
     0.382539247729700E+00     0.256464936849339E+01    -0.819033665984715E+00
     0.382084034900107E+00     0.256095173189656E+01    -0.819020069961217E+00
     0.381628859722135E+00     0.255725753781986E+01    -0.819004839060181E+00
     0.381173723214513E+00     0.255356678946959E+01    -0.818987977799720E+00
     0.380718626432845E+00     0.254987949032522E+01    -0.818969490804559E+00
     0.380263570471550E+00     0.254619564415495E+01    -0.818949382812842E+00
     0.379808556466054E+00     0.254251525503259E+01    -0.818927658682941E+00
     0.379353585595087E+00     0.253883832735549E+01    -0.818904323400836E+00
     0.378898659083119E+00     0.253516486586360E+01    -0.818879382088058E+00
     0.378443778202936E+00     0.253149487565964E+01    -0.818852840010240E+00
     0.377988944278419E+00     0.252782836223088E+01    -0.818824702586120E+00
     0.377534158687170E+00     0.252416533147210E+01    -0.818794975399855E+00
     0.377079422865083E+00     0.252050578971103E+01    -0.818763664200511E+00
     0.376624738307588E+00     0.251684974373356E+01    -0.818730774929286E+00
     0.376170106574615E+00     0.251319720081256E+01    -0.818696313720814E+00
     0.375715529294168E+00     0.250954816873809E+01    -0.818660286918250E+00
