     0.112221551861311E+01     0.848236554763328E+01     0.345808266765954E+01
     0.112116110869784E+01     0.847282328129631E+01     0.345365576930908E+01
     0.112010512016482E+01     0.846326576897797E+01     0.344922714098506E+01
     0.111904750543905E+01     0.845369254092924E+01     0.344479671459978E+01
     0.111798821397149E+01     0.844410309980181E+01     0.344036441955988E+01
     0.111692719197476E+01     0.843449691819319E+01     0.343593018257722E+01
     0.111586438212206E+01     0.842487343588813E+01     0.343149392742355E+01
     0.111479972321188E+01     0.841523205676691E+01     0.342705557467417E+01
     0.111373314978942E+01     0.840557214532105E+01     0.342261504141454E+01
     0.111266459171920E+01     0.839589302271807E+01     0.341817224091155E+01
     0.111159397369999E+01     0.838619396233847E+01     0.341372708223882E+01
     0.111052121471326E+01     0.837647418470014E+01     0.340927946985416E+01
     0.110944622739276E+01     0.836673285165979E+01     0.340482930311447E+01
     0.110836891730195E+01     0.835696905976645E+01     0.340037647572385E+01
     0.110728918210139E+01     0.834718183260596E+01     0.339592087509593E+01
     0.110620691058579E+01     0.833737011194744E+01     0.339146238162023E+01
     0.110512198156416E+01     0.832753274745047E+01     0.338700086780850E+01
     0.110403426255133E+01     0.831766848464000E+01     0.338253619730034E+01
     0.110294360823012E+01     0.830777595077706E+01     0.337806822369599E+01
     0.110184985863340E+01     0.829785363815862E+01     0.337359678917966E+01
     0.110075283698084E+01     0.828789988425006E+01     0.336912172288330E+01
     0.109965234708708E+01     0.827791284788549E+01     0.336464283893059E+01
     0.109854817023254E+01     0.826789048054044E+01     0.336015993407919E+01
     0.109744006135459E+01     0.825783049137108E+01     0.335567278485624E+01
     0.109632774436884E+01     0.824773030428190E+01     0.335118114404299E+01
     0.109521090636783E+01     0.823758700468942E+01     0.334668473633478E+01
     0.109408919034342E+01     0.822739727277371E+01     0.334218325288802E+01
     0.109296218595359E+01     0.821715729879437E+01     0.333767634442739E+01
     0.109182941764753E+01     0.820686267419855E+01     0.333316361239860E+01
     0.109069032916035E+01     0.819650824947985E+01     0.332864459742480E+01
     0.108954426292671E+01     0.818608794548683E+01     0.332411876401522E+01
     0.108839043221684E+01     0.817559449807310E+01     0.331958547990768E+01
     0.108722788257907E+01     0.816501910483135E+01     0.331504398752496E+01
     0.108605543710745E+01     0.815435092372051E+01     0.331049336353836E+01
     0.108487161637651E+01     0.814357633979431E+01     0.330593245980512E+01
     0.108367451706118E+01     0.813267785374734E+01     0.330135981400840E+01
     0.108246161975394E+01     0.812163232250335E+01     0.329677350840335E+01
     0.108122946785977E+01     0.811040802012813E+01     0.329217093421479E+01
     0.107997309295357E+01     0.809895937908775E+01     0.328754837081095E+01
     0.107885650366370E+01     0.808878140303499E+01     0.328301797879656E+01
     0.107789871892412E+01     0.808004924891662E+01     0.327859451372460E+01
     0.107694043697960E+01     0.807131109528535E+01     0.327416923850861E+01
     0.107598165382224E+01     0.806256688020369E+01     0.326974212323289E+01
     0.107502236537946E+01     0.805381654107917E+01     0.326531313784207E+01
     0.107406256751273E+01     0.804506001465226E+01     0.326088225214036E+01
     0.107310225601618E+01     0.803629723698334E+01     0.325644943579000E+01
     0.107214142661503E+01     0.802752814343910E+01     0.325201465830925E+01
     0.107118007496411E+01     0.801875266867857E+01     0.324757788907068E+01
     0.107021819664622E+01     0.800997074663870E+01     0.324313909729933E+01
     0.106925578717054E+01     0.800118231051927E+01     0.323869825207049E+01
     0.106829284197097E+01     0.799238729276780E+01     0.323425532230844E+01
     0.106732935640426E+01     0.798358562506291E+01     0.322981027678323E+01
     0.106636532574828E+01     0.797477723829799E+01     0.322536308410902E+01
     0.106540074520019E+01     0.796596206256418E+01     0.322091371274203E+01
     0.106443560987438E+01     0.795714002713202E+01     0.321646213097731E+01
     0.106346991480055E+01     0.794831106043335E+01     0.321200830694683E+01
     0.106250365492162E+01     0.793947509004197E+01     0.320755220861659E+01
     0.106153682509156E+01     0.793063204265371E+01     0.320309380378375E+01
     0.106056942007264E+01     0.792178184406364E+01     0.319863306007027E+01
     0.105960143453533E+01     0.791292441915387E+01     0.319416994493455E+01
     0.105863286305250E+01     0.790405969185715E+01     0.318970442564541E+01
     0.105766370009918E+01     0.789518758514307E+01     0.318523646929381E+01
     0.105669394004963E+01     0.788630802099266E+01     0.318076604278679E+01
     0.105572357717444E+01     0.787742092037264E+01     0.317629311284244E+01
     0.105475260563786E+01     0.786852620320992E+01     0.317181764598652E+01
     0.105378101949474E+01     0.785962378836439E+01     0.316733960854675E+01
     0.105280881268827E+01     0.785071359360254E+01     0.316285896665510E+01
     0.105183597904594E+01     0.784179553556683E+01     0.315837568623475E+01
     0.105086251227689E+01     0.783286952974631E+01     0.315388973300045E+01
     0.104988840596846E+01     0.782393549044533E+01     0.314940107245283E+01
     0.104891365358269E+01     0.781499333075080E+01     0.314490966987305E+01
     0.104793824845274E+01     0.780604296249833E+01     0.314041549031766E+01
     0.104696218377923E+01     0.779708429623730E+01     0.313591849861349E+01
     0.104598545262621E+01     0.778811724119360E+01     0.313141865935113E+01
     0.104500804791726E+01     0.777914170523194E+01     0.312691593687964E+01
     0.104402996243118E+01     0.777015759481570E+01     0.312241029529985E+01
     0.104305118879758E+01     0.776116481496518E+01     0.311790169845729E+01
     0.104207171949250E+01     0.775216326921514E+01     0.311339010993655E+01
     0.104109154683343E+01     0.774315285956881E+01     0.310887549305267E+01
     0.104007782962606E+01     0.773383150331854E+01     0.310432807087155E+01
     0.103903846667169E+01     0.772427141759002E+01     0.309975456932695E+01
     0.103800092223696E+01     0.771472508162144E+01     0.309517974852283E+01
     0.103696475857691E+01     0.770518846413451E+01     0.309060320933686E+01
     0.103592963331128E+01     0.769565840589419E+01     0.308602463206248E+01
     0.103489527151608E+01     0.768613236425440E+01     0.308144375292116E+01
     0.103386144744302E+01     0.767660824585470E+01     0.307686034870029E+01
     0.103282797209090E+01     0.766708429289748E+01     0.307227422631466E+01
     0.103179468448789E+01     0.765755900339390E+01     0.306768521548678E+01
     0.103076144541302E+01     0.764803107372423E+01     0.306309316348464E+01
     0.102972813276697E+01     0.763849935629475E+01     0.305849793123694E+01
     0.102869463808727E+01     0.762896282767521E+01     0.305389939039542E+01
     0.102766086388296E+01     0.761942056420163E+01     0.304929742111089E+01
     0.102662672155290E+01     0.760987172295475E+01     0.304469191025770E+01
     0.102559212974450E+01     0.760031552673275E+01     0.304008275005565E+01
     0.102455701303534E+01     0.759075125199165E+01     0.303546983694360E+01
     0.102352130086258E+01     0.758117821904477E+01     0.303085307066089E+01
     0.102248492664168E+01     0.757159578399283E+01     0.302623235348332E+01
     0.102144782703245E+01     0.756200333199670E+01     0.302160758958032E+01
     0.102040994131969E+01     0.755240027159732E+01     0.301697868446340E+01
     0.101937121088432E+01     0.754278602985977E+01     0.301234554450638E+01
     0.101833157874612E+01     0.753316004816914E+01     0.300770807652209E+01
     0.101729098916348E+01     0.752352177854312E+01     0.300306618738458E+01
     0.101624938727650E+01     0.751387068034703E+01     0.299841978367309E+01
     0.101520671879017E+01     0.750420621734683E+01     0.299376877137064E+01
     0.101416292967770E+01     0.749452785498710E+01     0.298911305553010E+01
     0.101311796591409E+01     0.748483505789192E+01     0.298445254000860E+01
     0.101207177322025E+01     0.747512728749144E+01     0.297978712717296E+01
     0.101102429682071E+01     0.746540399975708E+01     0.297511671761983E+01
     0.100997548120899E+01     0.745566464300246E+01     0.297044120989477E+01
     0.100892526991684E+01     0.744590865571613E+01     0.296576050020502E+01
     0.100787360528477E+01     0.743613546439842E+01     0.296107448212597E+01
     0.100667541970571E+01     0.742499579554204E+01     0.295622078856892E+01
     0.100552490555174E+01     0.741429429557478E+01     0.295141538946375E+01
     0.100439338243748E+01     0.740376471478626E+01     0.294662665700576E+01
     0.100327160993573E+01     0.739332126991714E+01     0.294184438400839E+01
     0.100215562064254E+01     0.738292712673251E+01     0.293706417606556E+01
     0.100104324996600E+01     0.737256217846697E+01     0.293228361924419E+01
     0.999933143994289E+00     0.736221383647439E+01     0.292750118663073E+01
     0.998824374421332E+00     0.735187345679109E+01     0.292271581467449E+01
     0.997716259962216E+00     0.734153468329403E+01     0.291792670699416E+01
     0.996608272987437E+00     0.733119258166865E+01     0.291313323188802E+01
     0.995499986243967E+00     0.732084314525010E+01     0.290833486388000E+01
     0.994391040299459E+00     0.731048299309402E+01     0.290353114793722E+01
     0.993281122509694E+00     0.730010917487960E+01     0.289872167629012E+01
     0.992169952757000E+00     0.728971903856874E+01     0.289390607262028E+01
     0.991057273344964E+00     0.727931013656635E+01     0.288908398074609E+01
     0.989942841529159E+00     0.726888015627817E+01     0.288425505613665E+01
     0.988826423756122E+00     0.725842686645984E+01     0.287941895923059E+01
     0.987707791018993E+00     0.724794807386684E+01     0.287457534990459E+01
     0.986586714935485E+00     0.723744158654173E+01     0.286972388265083E+01
     0.985462964272424E+00     0.722690518117210E+01     0.286486420215188E+01
     0.984336301709877E+00     0.721633657260068E+01     0.285999593899646E+01
     0.983206480686612E+00     0.720573338398749E+01     0.285511870536679E+01
     0.982073242183636E+00     0.719509311629693E+01     0.285023209049440E+01
     0.980936311316513E+00     0.718441311588122E+01     0.284533565571998E+01
     0.979795393601803E+00     0.717369053888667E+01     0.284042892896609E+01
     0.978650170749861E+00     0.716292231107612E+01     0.283551139840997E+01
     0.977500295809329E+00     0.715210508140547E+01     0.283058250509333E+01
     0.976345387449597E+00     0.714123516730932E+01     0.282564163414874E+01
     0.975185023107546E+00     0.713030848908110E+01     0.282068810422317E+01
     0.974018730638662E+00     0.711932048991009E+01     0.281572115454026E+01
     0.972845977991279E+00     0.710826603696469E+01     0.281073992886297E+01
     0.971666160241038E+00     0.709713929718746E+01     0.280574345532512E+01
     0.970478583063505E+00     0.708593357894269E+01     0.280073062073004E+01
     0.969282441305850E+00     0.707464112679775E+01     0.279570013717338E+01
     0.968076790736352E+00     0.706325285091977E+01     0.279065049812044E+01
     0.966860510040956E+00     0.705175796318200E+01     0.278557991930363E+01
     0.965632248583404E+00     0.704014347702219E+01     0.278048625756584E+01
     0.964390352762811E+00     0.702839350255117E+01     0.277536689655359E+01
     0.963132759124935E+00     0.701648822366171E+01     0.277021858097592E+01
     0.961856833763787E+00     0.700440236151004E+01     0.276503716785005E+01
     0.960559120765916E+00     0.699210276835378E+01     0.275981723729015E+01
     0.959234927451572E+00     0.697954446126573E+01     0.275455145155721E+01
     0.957877594613644E+00     0.696666364529785E+01     0.274922942861712E+01
     0.956477098206311E+00     0.695336434830709E+01     0.274383558641783E+01
     0.955017035046656E+00     0.693948961748434E+01     0.273834450159217E+01
     0.953466877147692E+00     0.692474752425113E+01     0.273270899834861E+01
     0.952116803519308E+00     0.691189866985730E+01     0.272736252137894E+01
     0.951190255612729E+00     0.690307649866234E+01     0.272264647757938E+01
     0.950263372428870E+00     0.689424824845593E+01     0.271792704169884E+01
     0.949336145051609E+00     0.688541383072658E+01     0.271320419547895E+01
     0.948408564580114E+00     0.687657315721801E+01     0.270847792073200E+01
     0.947480622114890E+00     0.686772613979806E+01     0.270374819932231E+01
     0.946552308744007E+00     0.685887269033036E+01     0.269901501314608E+01
     0.945623615530171E+00     0.685001272055162E+01     0.269427834411423E+01
     0.944694533497705E+00     0.684114614194989E+01     0.268953817413278E+01
     0.943765053620013E+00     0.683227286564585E+01     0.268479448508452E+01
     0.942835166807272E+00     0.682339280227604E+01     0.268004725881101E+01
     0.941904863893962E+00     0.681450586187558E+01     0.267529647709237E+01
     0.940974135626733E+00     0.680561195376263E+01     0.267054212162855E+01
     0.940042972652270E+00     0.679671098642269E+01     0.266578417402012E+01
     0.939111365504881E+00     0.678780286739115E+01     0.266102261574705E+01
     0.938179304594416E+00     0.677888750313680E+01     0.265625742814962E+01
     0.937246780193632E+00     0.676996479894172E+01     0.265148859240610E+01
     0.936313782425523E+00     0.676103465877993E+01     0.264671608951073E+01
     0.935380301250532E+00     0.675209698519403E+01     0.264193990025158E+01
     0.934446326453231E+00     0.674315167916768E+01     0.263716000518616E+01
     0.933511847628877E+00     0.673419863999555E+01     0.263237638461736E+01
     0.932576854169395E+00     0.672523776514835E+01     0.262758901856721E+01
     0.931641335249106E+00     0.671626895013430E+01     0.262279788675078E+01
     0.930705279809559E+00     0.670729208835332E+01     0.261800296854623E+01
     0.929768676544327E+00     0.669830707094839E+01     0.261320424296704E+01
     0.928831513882683E+00     0.668931378664781E+01     0.260840168862946E+01
     0.927893779972830E+00     0.668031212160184E+01     0.260359528372004E+01
     0.926955462664269E+00     0.667130195921113E+01     0.259878500596077E+01
     0.926016549489286E+00     0.666228317994642E+01     0.259397083257206E+01
     0.925077027643640E+00     0.665325566115958E+01     0.258915274023448E+01
     0.924136883965885E+00     0.664421927688275E+01     0.258433070504596E+01
     0.923196104916080E+00     0.663517389761881E+01     0.257950470247982E+01
     0.922254676552670E+00     0.662611939011667E+01     0.257467470733606E+01
     0.921312584508505E+00     0.661705561713557E+01     0.256984069369281E+01
     0.920369813965206E+00     0.660798243719389E+01     0.256500263485339E+01
     0.919426349625794E+00     0.659889970430138E+01     0.256016050328881E+01
     0.918482175685784E+00     0.658980726767514E+01     0.255531427057790E+01
     0.917537275802213E+00     0.658070497143575E+01     0.255046390734223E+01
     0.916591633060625E+00     0.657159265428300E+01     0.254560938317675E+01
     0.915645229939715E+00     0.656247014914857E+01     0.254075066657513E+01
     0.914698048273491E+00     0.655333728282405E+01     0.253588772484975E+01
     0.913750069210685E+00     0.654419387556162E+01     0.253102052404575E+01
     0.912801273170946E+00     0.653503974064385E+01     0.252614902884723E+01
     0.911851639798050E+00     0.652587468392232E+01     0.252127320247846E+01
     0.910901147909113E+00     0.651669850331825E+01     0.251639300659491E+01
     0.909949775439795E+00     0.650751098828341E+01     0.251150840116565E+01
     0.908997499385278E+00     0.649831191921810E+01     0.250661934434772E+01
     0.908044295736003E+00     0.648910106683880E+01     0.250172579234761E+01
     0.907090139408221E+00     0.647987819149328E+01     0.249682769927273E+01
     0.906135004167985E+00     0.647064304241330E+01     0.249192501696647E+01
     0.905178862549195E+00     0.646139535690481E+01     0.248701769483382E+01
     0.904221685763193E+00     0.645213485945917E+01     0.248210567964442E+01
     0.903263443600750E+00     0.644286126078571E+01     0.247718891532254E+01
     0.902304104324247E+00     0.643357425674952E+01     0.247226734271379E+01
     0.901343634549453E+00     0.642427352720615E+01     0.246734089932973E+01
     0.900381999115579E+00     0.641495873472032E+01     0.246240951906731E+01
     0.899419160941895E+00     0.640562952315276E+01     0.245747313189852E+01
     0.898455080869358E+00     0.639628551609918E+01     0.245253166352760E+01
     0.897489717485507E+00     0.638692631516299E+01     0.244758503501303E+01
     0.896523026929684E+00     0.637755149803592E+01     0.244263316234517E+01
     0.895554962676396E+00     0.636816061636262E+01     0.243767595597703E+01
     0.894585475293822E+00     0.635875319335907E+01     0.243271332030208E+01
     0.893614512173349E+00     0.634932872114658E+01     0.242774515306850E+01
     0.892642017225912E+00     0.633988665775917E+01     0.242277134472082E+01
     0.891667930539443E+00     0.633042642377082E+01     0.241779177765371E+01
     0.890692187996339E+00     0.632094739850970E+01     0.241280632539991E+01
     0.889714720831174E+00     0.631144891572127E+01     0.240781485164866E+01
     0.888735455136511E+00     0.630193025868268E+01     0.240281720919140E+01
     0.887754311293842E+00     0.629239065459941E+01     0.239781323868476E+01
     0.886771203322131E+00     0.628282926818649E+01     0.239280276723927E+01
     0.885786038127886E+00     0.627324519427914E+01     0.238778560679588E+01
     0.884798714639882E+00     0.626363744929778E+01     0.238276155226403E+01
     0.883809122794799E+00     0.625400496128067E+01     0.237773037929826E+01
     0.882817142364448E+00     0.624434655830601E+01     0.237269184178849E+01
     0.881822641567765E+00     0.623466095483328E+01     0.236764566884350E+01
     0.880825475433868E+00     0.622494673557828E+01     0.236259156125406E+01
     0.879825483851802E+00     0.621520233631329E+01     0.235752918727022E+01
     0.878822489236879E+00     0.620542602087832E+01     0.235245817756785E+01
     0.877816293706524E+00     0.619561585338892E+01     0.234737811913136E+01
     0.876806675645864E+00     0.618576966442059E+01     0.234228854784040E+01
     0.875793385484841E+00     0.617588500944402E+01     0.233718893934733E+01
     0.874776140455164E+00     0.616595911723072E+01     0.233207869774807E+01
     0.873754618017502E+00     0.615598882514915E+01     0.232695714141946E+01
     0.872728447495485E+00     0.614597049688854E+01     0.232182348492135E+01
     0.871697199323039E+00     0.613589991663401E+01     0.231667681584349E+01
     0.870660370969140E+00     0.612577215063069E+01     0.231151606442937E+01
     0.869617368223648E+00     0.611558136311182E+01     0.230633996324174E+01
     0.868567479811316E+00     0.610532056664531E+01     0.230114699245789E+01
     0.867509842176523E+00     0.609498127586070E+01     0.229593530401443E+01
     0.866443389340688E+00     0.608455301446501E+01     0.229070261363679E+01
     0.865366779283398E+00     0.607402259153942E+01     0.228544604238956E+01
     0.864278281817383E+00     0.606337299947221E+01     0.228016187543292E+01
     0.863175600045178E+00     0.605258165930772E+01     0.227484517804912E+01
     0.862055569841106E+00     0.604161746781262E+01     0.226948914961361E+01
     0.860913616787450E+00     0.603043546201688E+01     0.226408395668547E+01
     0.859742677217423E+00     0.601896622036966E+01     0.225861441558382E+01
     0.858530747369568E+00     0.600709179118000E+01     0.225305473084296E+01
     0.857254032502417E+00     0.599457841590818E+01     0.224735379459274E+01
     0.855848767022782E+00     0.598079984757072E+01     0.224137475045927E+01
     0.854390921138511E+00     0.596649934908368E+01     0.223527797506003E+01
     0.853507333868713E+00     0.595782969768939E+01     0.223040578288696E+01
     0.852623573905400E+00     0.594915732762776E+01     0.222553219635439E+01
     0.851739639267919E+00     0.594048224445409E+01     0.222065723560679E+01
     0.850855527908504E+00     0.593180445330382E+01     0.221578092086013E+01
     0.849971237707690E+00     0.592312395884489E+01     0.221090327239341E+01
     0.849086766469854E+00     0.591444076522884E+01     0.220602431054312E+01
     0.848202111915703E+00     0.590575487602209E+01     0.220114405567930E+01
     0.847317271676397E+00     0.589706629414409E+01     0.219626252819551E+01
     0.846432243287758E+00     0.588837502180325E+01     0.219137974850251E+01
     0.845547024176633E+00     0.587968106038413E+01     0.218649573697155E+01
     0.844661611658995E+00     0.587098441039926E+01     0.218161051396222E+01
     0.843776002922925E+00     0.586228507134904E+01     0.217672409975101E+01
     0.842890195024371E+00     0.585358304165145E+01     0.217183651455261E+01
     0.842004184866798E+00     0.584487831847265E+01     0.216694777843655E+01
     0.841117969194619E+00     0.583617089763205E+01     0.216205791134498E+01
     0.840231544572453E+00     0.582746077341793E+01     0.215716693302091E+01
     0.839344907370090E+00     0.581874793842843E+01     0.215227486298427E+01
     0.838458053741381E+00     0.581003238336822E+01     0.214738172047647E+01
     0.837571185264529E+00     0.580131611818045E+01     0.214248798151783E+01
     0.836689318433656E+00     0.579264848954576E+01     0.213760483701337E+01
     0.835807289370288E+00     0.578397878537206E+01     0.213272085030786E+01
     0.834925096066567E+00     0.577530701513139E+01     0.212783604556454E+01
     0.834042736440340E+00     0.576663318778588E+01     0.212295044698711E+01
     0.833160208330549E+00     0.575795731174193E+01     0.211806407880781E+01
     0.832277509492399E+00     0.574927939480187E+01     0.211317696527548E+01
     0.831394637591969E+00     0.574059944411091E+01     0.210828913064151E+01
     0.830511590200368E+00     0.573191746609967E+01     0.210340059914430E+01
     0.829628364789117E+00     0.572323346643206E+01     0.209851139500445E+01
     0.828744958720269E+00     0.571454744992100E+01     0.209362154238548E+01
     0.827861369242641E+00     0.570585942047684E+01     0.208873106539954E+01
     0.826977593482235E+00     0.569716938102014E+01     0.208383998807539E+01
     0.826093628434377E+00     0.568847733340164E+01     0.207894833434132E+01
     0.825209470954357E+00     0.567978327831062E+01     0.207405612800099E+01
     0.824325117747020E+00     0.567108721517378E+01     0.206916339270561E+01
     0.823440565358132E+00     0.566238914206173E+01     0.206427015194227E+01
     0.822555810159537E+00     0.565368905555387E+01     0.205937642898423E+01
     0.821670848338050E+00     0.564498695062202E+01     0.205448224687163E+01
     0.820785675880691E+00     0.563628282048717E+01     0.204958762837269E+01
     0.819900288560232E+00     0.562757665647290E+01     0.204469259595318E+01
     0.819014681915095E+00     0.561886844781883E+01     0.203979717171429E+01
     0.818128851235034E+00     0.561015818152257E+01     0.203490137737757E+01
     0.817242791535986E+00     0.560144584210872E+01     0.203000523420487E+01
     0.816356497539900E+00     0.559273141141955E+01     0.202510876296206E+01
     0.815469963647795E+00     0.558401486835549E+01     0.202021198384778E+01
     0.814583183911345E+00     0.557529618859559E+01     0.201531491642495E+01
     0.813696152001579E+00     0.556657534428844E+01     0.201041757954716E+01
     0.812808861173019E+00     0.555785230370137E+01     0.200551999127065E+01
     0.811921304223820E+00     0.554912703082920E+01     0.200062216875830E+01
     0.811033473450926E+00     0.554039948495413E+01     0.199572412817166E+01
     0.810145360599664E+00     0.553166962015024E+01     0.199082588455091E+01
     0.809256956804935E+00     0.552293738471260E+01     0.198592745166676E+01
     0.808368252528223E+00     0.551420272053004E+01     0.198102884188018E+01
     0.807479237481478E+00     0.550546556234612E+01     0.197613006595150E+01
     0.806589900540477E+00     0.549672583691406E+01     0.197123113282761E+01
     0.805700229650134E+00     0.548798346205541E+01     0.196633204943065E+01
     0.804810211708010E+00     0.547923834552921E+01     0.196143282036651E+01
     0.803919832430771E+00     0.547049038372862E+01     0.195653344759877E+01
     0.803029076202665E+00     0.546173946018602E+01     0.195163393009842E+01
     0.802137925892882E+00     0.545298544378839E+01     0.194673426340125E+01
     0.801246362640428E+00     0.544422818667243E+01     0.194183443909034E+01
     0.800354365597475E+00     0.543546752171560E+01     0.193693444417613E+01
     0.799461911624921E+00     0.542670325954857E+01     0.193203426037502E+01
     0.798568974921383E+00     0.541793518492620E+01     0.192713386321634E+01
     0.797675526571542E+00     0.540916305230854E+01     0.192223322095685E+01
     0.796781533991511E+00     0.540038658043154E+01     0.191733229325119E+01
     0.795886960240834E+00     0.539160544556863E+01     0.191243102950673E+01
     0.794991763154491E+00     0.538281927304259E+01     0.190752936679235E+01
     0.794095894243775E+00     0.537402762645965E+01     0.190262722721141E+01
     0.793199297274077E+00     0.536522999379475E+01     0.189772451448257E+01
     0.792301906403514E+00     0.535642576917391E+01     0.189282110947215E+01
     0.791403643702779E+00     0.534761422859378E+01     0.188791686424772E+01
     0.790515976247344E+00     0.533890788617172E+01     0.188303917213267E+01
     0.789636863529180E+00     0.533028677604397E+01     0.187818321204777E+01
     0.788757711562605E+00     0.532166664572405E+01     0.187332852288474E+01
     0.787878521383687E+00     0.531304754354907E+01     0.186847514516816E+01
     0.786999294050057E+00     0.530442951818702E+01     0.186362311959480E+01
     0.786120030642141E+00     0.529581261864239E+01     0.185877248703758E+01
     0.785240732263348E+00     0.528719689425670E+01     0.185392328854248E+01
     0.784361400040862E+00     0.527858239471222E+01     0.184907556532955E+01
     0.783482035125785E+00     0.526996917003239E+01     0.184422935878934E+01
     0.782602638693965E+00     0.526135727058582E+01     0.183938471048396E+01
     0.781723211946253E+00     0.525274674708731E+01     0.183454166214413E+01
     0.780843756109295E+00     0.524413765060176E+01     0.182970025566975E+01
     0.779964272435781E+00     0.523553003254520E+01     0.182486053312677E+01
     0.779084762205289E+00     0.522692394468904E+01     0.182002253674792E+01
     0.778205226724672E+00     0.521831943916196E+01     0.181518630893026E+01
     0.777325667328811E+00     0.520971656845370E+01     0.181035189223512E+01
     0.776446085381069E+00     0.520111538541740E+01     0.180551932938591E+01
     0.775566482274073E+00     0.519251594327367E+01     0.180068866326801E+01
     0.774686859430316E+00     0.518391829561380E+01     0.179585993692735E+01
     0.773807218302784E+00     0.517532249640309E+01     0.179103319356904E+01
     0.772927560375706E+00     0.516672859998494E+01     0.178620847655671E+01
     0.772047887165338E+00     0.515813666108519E+01     0.178138582941193E+01
     0.771168200220585E+00     0.514954673481561E+01     0.177656529581244E+01
     0.770288501123815E+00     0.514095887667853E+01     0.177174691959153E+01
     0.769408791491675E+00     0.513237314257147E+01     0.176693074473726E+01
     0.768529072975874E+00     0.512378958879178E+01     0.176211681539136E+01
     0.767649347264064E+00     0.511520827204179E+01     0.175730517584866E+01
     0.766769616080752E+00     0.510662924943426E+01     0.175249587055645E+01
     0.765889881188015E+00     0.509805257849679E+01     0.174768894411252E+01
     0.765010144386717E+00     0.508947831717907E+01     0.174288444126627E+01
     0.764130407517222E+00     0.508090652385757E+01     0.173808240691637E+01
     0.763250672460538E+00     0.507233725734247E+01     0.173328288611105E+01
     0.762370941139357E+00     0.506377057688433E+01     0.172848592404751E+01
     0.761491215519051E+00     0.505520654218052E+01     0.172369156607094E+01
     0.760611497608773E+00     0.504664521338233E+01     0.171889985767391E+01
     0.759731789462749E+00     0.503808665110331E+01     0.171411084449690E+01
     0.758852093181343E+00     0.502953091642643E+01     0.170932457232707E+01
     0.757972410912333E+00     0.502097807091259E+01     0.170454108709827E+01
     0.757092744852158E+00     0.501242817660901E+01     0.169976043489046E+01
     0.756213097247413E+00     0.500388129605926E+01     0.169498266193077E+01
     0.755333470395956E+00     0.499533749231121E+01     0.169020781459148E+01
     0.754453866648656E+00     0.498679682892871E+01     0.168543593939216E+01
     0.753574288410638E+00     0.497825937000071E+01     0.168066708299810E+01
     0.752694738143054E+00     0.496972518015336E+01     0.167590129222194E+01
     0.751815218364466E+00     0.496119432456032E+01     0.167113861402247E+01
     0.750935731652788E+00     0.495266686895616E+01     0.166637909550672E+01
     0.750056280647078E+00     0.494414287964796E+01     0.166162278393166E+01
     0.749176868048540E+00     0.493562242352955E+01     0.165686972669600E+01
     0.748297496623786E+00     0.492710556809488E+01     0.165211997135502E+01
     0.747418169205853E+00     0.491859238145268E+01     0.164737356561178E+01
     0.746538888696690E+00     0.491008293234297E+01     0.164263055732178E+01
     0.745659658069075E+00     0.490157729015187E+01     0.163789099449258E+01
     0.744780480369121E+00     0.489307552493015E+01     0.163315492528690E+01
     0.743901358718444E+00     0.488457770741011E+01     0.162842239802291E+01
     0.743022296316793E+00     0.487608390902539E+01     0.162369346117706E+01
     0.742143296444552E+00     0.486759420193055E+01     0.161896816338565E+01
     0.741264362465478E+00     0.485910865902220E+01     0.161424655344715E+01
     0.740385497829569E+00     0.485062735396139E+01     0.160952868032496E+01
     0.739506706076046E+00     0.484215036119702E+01     0.160481459315016E+01
     0.738627990836429E+00     0.483367775599033E+01     0.160010434122424E+01
     0.737749355837940E+00     0.482520961444160E+01     0.159539797402316E+01
     0.736870804906837E+00     0.481674601351716E+01     0.159069554120033E+01
     0.735992341972097E+00     0.480828703107881E+01     0.158599709259088E+01
     0.735113971069275E+00     0.479983274591492E+01     0.158130267821631E+01
     0.734235696344489E+00     0.479138323777288E+01     0.157661234828899E+01
     0.733357522058725E+00     0.478293858739405E+01     0.157192615321775E+01
     0.732479452592239E+00     0.477449887655005E+01     0.156724414361303E+01
     0.731601492449368E+00     0.476606418808215E+01     0.156256637029358E+01
     0.730723646263430E+00     0.475763460594205E+01     0.155789288429243E+01
     0.729845918802213E+00     0.474921021523691E+01     0.155322373686552E+01
     0.728968314973319E+00     0.474079110227466E+01     0.154855897949786E+01
     0.728090839830328E+00     0.473237735461494E+01     0.154389866391355E+01
     0.727213498578959E+00     0.472396906112126E+01     0.153924284208416E+01
     0.726336296583835E+00     0.471556631201793E+01     0.153459156623927E+01
     0.725459239375556E+00     0.470716919895000E+01     0.152994488887707E+01
     0.724582332658318E+00     0.469877781504793E+01     0.152530286277656E+01
     0.723705582317973E+00     0.469039225499631E+01     0.152066554101027E+01
     0.722828994430579E+00     0.468201261510718E+01     0.151603297695781E+01
     0.721952575271672E+00     0.467363899339942E+01     0.151140522432152E+01
     0.721076331326152E+00     0.466527148968369E+01     0.150678233714319E+01
     0.720200269298639E+00     0.465691020565242E+01     0.150216436982076E+01
     0.719324396124985E+00     0.464855524497885E+01     0.149755137712917E+01
     0.718448718984294E+00     0.464020671342178E+01     0.149294341424069E+01
     0.717573245311999E+00     0.463186471893937E+01     0.148834053674817E+01
     0.716697982813977E+00     0.462352937181222E+01     0.148374280069047E+01
     0.715822939481644E+00     0.461520078477575E+01     0.147915026257938E+01
     0.714948123608434E+00     0.460687907316454E+01     0.147456297943012E+01
     0.714073543807624E+00     0.459856435506888E+01     0.146998100879455E+01
     0.713199209031480E+00     0.459025675150391E+01     0.146540440879630E+01
     0.712325128592255E+00     0.458195638659494E+01     0.146083323817066E+01
     0.711451312185080E+00     0.457366338777980E+01     0.145626755630844E+01
     0.710577769912812E+00     0.456537788602932E+01     0.145170742330343E+01
     0.709704512313336E+00     0.455710001608978E+01     0.144715290000556E+01
     0.708831550389285E+00     0.454882991674791E+01     0.144260404807824E+01
     0.707958895641141E+00     0.454056773112515E+01     0.143806093006465E+01
     0.707086560103213E+00     0.453231360699968E+01     0.143352360945819E+01
     0.706214556383625E+00     0.452406769716419E+01     0.142899215078223E+01
     0.705342897708834E+00     0.451583015982402E+01     0.142446661968055E+01
     0.704471597972649E+00     0.450760115903792E+01     0.141994708301536E+01
     0.703600671791337E+00     0.449938086521268E+01     0.141543360898019E+01
     0.702730134565017E+00     0.449116945565593E+01     0.141092626722509E+01
     0.701860002546808E+00     0.448296711519896E+01     0.140642512899941E+01
     0.700990292920660E+00     0.447477403689912E+01     0.140193026731253E+01
     0.700121023889442E+00     0.446659042283600E+01     0.139744175711669E+01
     0.699252214775499E+00     0.445841648502010E+01     0.139295967551809E+01
     0.698383886135177E+00     0.445025244643035E+01     0.138848410201671E+01
     0.697516059890509E+00     0.444209854220820E+01     0.138401511878373E+01
     0.696648759481641E+00     0.443395502104023E+01     0.137955281098497E+01
     0.695782010043770E+00     0.442582214676580E+01     0.137509726715684E+01
     0.694915838614444E+00     0.441770020026180E+01     0.137064857964924E+01
     0.694050274377686E+00     0.440958948166530E+01     0.136620684514787E+01
     0.693185348954635E+00     0.440149031302055E+01     0.136177216530039E+01
     0.692321096751695E+00     0.439340304145389E+01     0.135734464746739E+01
     0.691457555382195E+00     0.438532804302242E+01     0.135292440563519E+01
     0.690594766183010E+00     0.437726572743212E+01     0.134851156153911E+01
     0.689732774854590E+00     0.436921654388948E+01     0.134410624605770E+01
     0.688871632266034E+00     0.436118098846629E+01     0.133970860097377E+01
     0.688011395483001E+00     0.435315961351222E+01     0.133531878122731E+01
     0.687152129105844E+00     0.434515303991521E+01     0.133093695785939E+01
     0.686293907048008E+00     0.433716197341016E+01     0.132656332193301E+01
     0.685436814961916E+00     0.432918722683930E+01     0.132219808989880E+01
     0.684580953649182E+00     0.432122975146968E+01     0.131784151115567E+01
     0.683726444038668E+00     0.431329068273926E+01     0.131349387911878E+01
     0.682873434801288E+00     0.430537141028414E+01     0.130915554819170E+01
     0.682022114730293E+00     0.429747369186744E+01     0.130482696143229E+01
     0.681172734596943E+00     0.428959985464364E+01     0.130050869951597E+01
     0.680325650603654E+00     0.428175319558776E+01     0.129620157832830E+01
     0.679481428924517E+00     0.427393894554253E+01     0.129190688435344E+01
     0.678641215960172E+00     0.426616768621337E+01     0.128762721069570E+01
     0.677808692945706E+00     0.425847339300287E+01     0.128337087414917E+01
     0.676977983009671E+00     0.425080170066173E+01     0.127912449485595E+01
     0.676146647651860E+00     0.424313010540390E+01     0.127488257007015E+01
     0.675314679004369E+00     0.423545857476153E+01     0.127064511993076E+01
     0.674482068973708E+00     0.422778707438773E+01     0.126641216421344E+01
     0.673648809229932E+00     0.422011556796510E+01     0.126218372231164E+01
     0.672814891195094E+00     0.421244401710840E+01     0.125795981321646E+01
     0.671980306031210E+00     0.420477238126228E+01     0.125374045549702E+01
     0.671145044627158E+00     0.419710061759074E+01     0.124952566727788E+01
     0.670309097584609E+00     0.418942868085880E+01     0.124531546621443E+01
     0.669472455203146E+00     0.418175652330675E+01     0.124110986946759E+01
     0.668635107464428E+00     0.417408409451600E+01     0.123690889367734E+01
     0.667797044014901E+00     0.416641134126366E+01     0.123271255493241E+01
     0.666958254147719E+00     0.415873820736896E+01     0.122852086874050E+01
     0.666118726782748E+00     0.415106463352534E+01     0.122433384999288E+01
     0.665278450445520E+00     0.414339055712218E+01     0.122015151292904E+01
     0.664437413244493E+00     0.413571591205240E+01     0.121597387109811E+01
     0.663595602846286E+00     0.412804062850374E+01     0.121180093731578E+01
     0.662753006449193E+00     0.412036463273472E+01     0.120763272361915E+01
     0.661909610754442E+00     0.411268784683174E+01     0.120346924121740E+01
     0.661065401935206E+00     0.410501018844676E+01     0.119931050043896E+01
     0.660220365602683E+00     0.409733157051122E+01     0.119515651067227E+01
     0.659374486769725E+00     0.408965190092753E+01     0.119100728030422E+01
     0.658527749810730E+00     0.408197108223099E+01     0.118686281664972E+01
     0.657680138418319E+00     0.407428901122268E+01     0.118272312587720E+01
     0.656831635557085E+00     0.406660557857329E+01     0.117858821293383E+01
     0.655982223409757E+00     0.405892066837647E+01     0.117445808144264E+01
     0.655131883321866E+00     0.405123415767382E+01     0.117033273361305E+01
     0.654280595739210E+00     0.404354591592648E+01     0.116621217013102E+01
     0.653428340139053E+00     0.403585580443344E+01     0.116209639003775E+01
     0.652575094956369E+00     0.402816367569848E+01     0.115798539060920E+01
     0.651720837496729E+00     0.402046937270855E+01     0.115387916718650E+01
     0.650865543848081E+00     0.401277272816664E+01     0.114977771304077E+01
     0.650009188775644E+00     0.400507356361193E+01     0.114568101917654E+01
     0.649151745609610E+00     0.399737168845863E+01     0.114158907414264E+01
     0.648293186116621E+00     0.398966689891066E+01     0.113750186379994E+01
     0.647433480357866E+00     0.398195897675395E+01     0.113341937107338E+01
     0.646572596529695E+00     0.397424768800053E+01     0.112934157567201E+01
     0.645710500783350E+00     0.396653278135807E+01     0.112526845376790E+01
     0.644847157022672E+00     0.395881398650560E+01     0.112119997764107E+01
     0.643982526672901E+00     0.395109101213150E+01     0.111713611526405E+01
     0.643116568419632E+00     0.394336354370806E+01     0.111307682984054E+01
     0.642249237909307E+00     0.393563124094369E+01     0.110902207926881E+01
     0.641380487407401E+00     0.392789373486707E+01     0.110497181553501E+01
     0.640510265401982E+00     0.392015062445603E+01     0.110092598399609E+01
     0.639638516150483E+00     0.391240147275778E+01     0.109688452258191E+01
     0.638765179142524E+00     0.390464580233459E+01     0.109284736080352E+01
     0.637890188484453E+00     0.389688308998745E+01     0.108881441866840E+01
     0.637013472166374E+00     0.388911276051211E+01     0.108478560534531E+01
     0.636134951198620E+00     0.388133417932363E+01     0.108076081760402E+01
     0.635254538581960E+00     0.387354664366327E+01     0.107673993794499E+01
     0.634372138075160E+00     0.386574937205742E+01     0.107272283236903E+01
     0.633487642699492E+00     0.385794149154610E+01     0.106870934764231E+01
     0.632600932921282E+00     0.385012202212852E+01     0.106469930799142E+01
     0.631711874408738E+00     0.384228985758532E+01     0.106069251098982E+01
     0.630832412876007E+00     0.383455015562379E+01     0.105671312174596E+01
     0.630003430711756E+00     0.382726205803380E+01     0.105284311714560E+01
     0.629174014660503E+00     0.381997738438302E+01     0.104897947617796E+01
     0.628344162111450E+00     0.381269614111315E+01     0.104512222145034E+01
     0.627513870427733E+00     0.380541833439484E+01     0.104127137545739E+01
     0.626683136945873E+00     0.379814397012333E+01     0.103742696057950E+01
     0.625851958975434E+00     0.379087305391530E+01     0.103358899908255E+01
     0.625020333798502E+00     0.378360559110469E+01     0.102975751311661E+01
     0.624188258669205E+00     0.377634158673875E+01     0.102593252471498E+01
     0.623355730813098E+00     0.376908104557338E+01     0.102211405579255E+01
     0.622522747426953E+00     0.376182397207059E+01     0.101830212814653E+01
     0.621689305677881E+00     0.375457037039238E+01     0.101449676345339E+01
     0.620855402703026E+00     0.374732024439770E+01     0.101069798326923E+01
     0.620021035609000E+00     0.374007359763794E+01     0.100690580902873E+01
     0.619186201471120E+00     0.373283043335149E+01     0.100312026204297E+01
     0.618350897333141E+00     0.372559075446071E+01     0.999341363500294E+00
     0.617515120206388E+00     0.371835456356594E+01     0.995569134463726E+00
     0.616678867069262E+00     0.371112186294126E+01     0.991803595870670E+00
     0.615842134866625E+00     0.370389265452976E+01     0.988044768531995E+00
     0.615004920509053E+00     0.369666693993795E+01     0.984292673130471E+00
     0.614167220872366E+00     0.368944472043173E+01     0.980547330220852E+00
     0.613329032796665E+00     0.368222599692970E+01     0.976808760227319E+00
     0.612490353085889E+00     0.367501076999914E+01     0.973076983443926E+00
     0.611651178506999E+00     0.366779903985008E+01     0.969352020033041E+00
     0.610811505789135E+00     0.366059080632916E+01     0.965633890023810E+00
     0.609971331623058E+00     0.365338606891497E+01     0.961922613312266E+00
     0.609130652660109E+00     0.364618482671085E+01     0.958218209658904E+00
     0.608289465511695E+00     0.363898707844039E+01     0.954520698689293E+00
     0.607447766748111E+00     0.363179282243947E+01     0.950830099891124E+00
     0.606605552898083E+00     0.362460205665195E+01     0.947146432615402E+00
     0.605762820447484E+00     0.361741477862116E+01     0.943469716073200E+00
     0.604919565838667E+00     0.361023098548444E+01     0.939799969335930E+00
     0.604075785469568E+00     0.360305067396648E+01     0.936137211334525E+00
     0.603231475692473E+00     0.359587384037094E+01     0.932481460856917E+00
     0.602386632813331E+00     0.358870048057476E+01     0.928832736548632E+00
     0.601541253090484E+00     0.358153059001951E+01     0.925191056910423E+00
     0.600695332733757E+00     0.357436416370449E+01     0.921556440297976E+00
     0.599848867903287E+00     0.356720119617846E+01     0.917928904920359E+00
     0.599001854708478E+00     0.356004168153199E+01     0.914308468839420E+00
     0.598154289206722E+00     0.355288561338848E+01     0.910695149967979E+00
     0.597306167402220E+00     0.354573298489579E+01     0.907088966068861E+00
     0.596457485244897E+00     0.353858378871811E+01     0.903489934754560E+00
     0.595608238628863E+00     0.353143801702558E+01     0.899898073484715E+00
     0.594758423391297E+00     0.352429566148599E+01     0.896313399566037E+00
     0.593908035311004E+00     0.351715671325467E+01     0.892735930150720E+00
     0.593057070106908E+00     0.351002116296408E+01     0.889165682234740E+00
     0.592205523436819E+00     0.350288900071464E+01     0.885602672657856E+00
     0.591353390895593E+00     0.349576021606248E+01     0.882046918100612E+00
     0.590500668013941E+00     0.348863479801035E+01     0.878498435085082E+00
     0.589647350256446E+00     0.348151273499439E+01     0.874957239971642E+00
     0.588793433020126E+00     0.347439401487370E+01     0.871423348958926E+00
     0.587938911632558E+00     0.346727862491744E+01     0.867896778081755E+00
     0.587083781350243E+00     0.346016655179321E+01     0.864377543210668E+00
     0.586228037356543E+00     0.345305778155301E+01     0.860865660049452E+00
     0.585371674759775E+00     0.344595229961997E+01     0.857361144133880E+00
     0.584514688591421E+00     0.343885009077558E+01     0.853864010831378E+00
     0.583657073803699E+00     0.343175113914344E+01     0.850374275337699E+00
     0.582798825267763E+00     0.342465542817623E+01     0.846891952677280E+00
     0.581939937771101E+00     0.341756294063836E+01     0.843417057699783E+00
     0.581080406015541E+00     0.341047365859156E+01     0.839949605080199E+00
     0.580220224614636E+00     0.340338756337733E+01     0.836489609316187E+00
     0.579359388091106E+00     0.339630463559931E+01     0.833037084726097E+00
     0.578497890874461E+00     0.338922485510658E+01     0.829592045448469E+00
     0.577635727298021E+00     0.338214820097359E+01     0.826154505438819E+00
     0.576772891596285E+00     0.337507465148181E+01     0.822724478468781E+00
     0.575909377901851E+00     0.336800418409883E+01     0.819301978123461E+00
     0.575045180242446E+00     0.336093677545783E+01     0.815887017799911E+00
     0.574180292537693E+00     0.335387240133553E+01     0.812479610704835E+00
     0.573314708595832E+00     0.334681103662965E+01     0.809079769852658E+00
     0.572448422110252E+00     0.333975265533521E+01     0.805687508063295E+00
     0.571581426655784E+00     0.333269723051935E+01     0.802302837959361E+00
     0.570713715685136E+00     0.332564473429660E+01     0.798925771964812E+00
     0.569845282524746E+00     0.331859513780094E+01     0.795556322301364E+00
     0.568976120370781E+00     0.331154841115831E+01     0.792194500986446E+00
     0.568106222284972E+00     0.330450452345795E+01     0.788840319831132E+00
     0.567235581189833E+00     0.329746344272031E+01     0.785493790435827E+00
     0.566364189864350E+00     0.329042513586700E+01     0.782154924189254E+00
     0.565492040938819E+00     0.328338956868601E+01     0.778823732264051E+00
     0.564619126889816E+00     0.327635670579729E+01     0.775500225614129E+00
     0.563745440034787E+00     0.326932651061595E+01     0.772184414971135E+00
     0.562870972526615E+00     0.326229894531480E+01     0.768876310841907E+00
     0.561995716347409E+00     0.325527397078274E+01     0.765575923503295E+00
     0.561119663302716E+00     0.324825154658444E+01     0.762283263000273E+00
     0.560242805014621E+00     0.324123163091424E+01     0.758998339139896E+00
     0.559365132915428E+00     0.323421418055207E+01     0.755721161489520E+00
     0.558486638240063E+00     0.322719915081260E+01     0.752451739370178E+00
     0.557607312018893E+00     0.322018649549566E+01     0.749190081853577E+00
     0.556727145069690E+00     0.321317616683173E+01     0.745936197756568E+00
     0.555846127989373E+00     0.320616811542558E+01     0.742690095636270E+00
     0.554964251145288E+00     0.319916229019677E+01     0.739451783784787E+00
     0.554081504665988E+00     0.319215863831680E+01     0.736221270223504E+00
     0.553197878431536E+00     0.318515710514302E+01     0.732998562697151E+00
     0.552313362063212E+00     0.317815763414848E+01     0.729783668667199E+00
     0.551427944912821E+00     0.317116016684880E+01     0.726576595305734E+00
     0.550541616051282E+00     0.316416464272432E+01     0.723377349488376E+00
     0.549654364256495E+00     0.315717099913744E+01     0.720185937786444E+00
     0.548766178000637E+00     0.315017917124579E+01     0.717002366459261E+00
     0.547877045436016E+00     0.314318909190672E+01     0.713826641442445E+00
     0.546986954383199E+00     0.313620069159224E+01     0.710658768351251E+00
     0.546095892312487E+00     0.312921389826793E+01     0.707498752453982E+00
     0.545203846329867E+00     0.312222863729373E+01     0.704346598672202E+00
     0.544310803159636E+00     0.311524483130552E+01     0.701202311568335E+00
     0.543416749126034E+00     0.310826240008999E+01     0.698065895333098E+00
     0.542521670134166E+00     0.310128126045375E+01     0.694937353774263E+00
     0.541625551649382E+00     0.309430132608236E+01     0.691816690303135E+00
     0.540728378675284E+00     0.308732250739009E+01     0.688703907920037E+00
     0.539830135730636E+00     0.308034471136122E+01     0.685599009200438E+00
     0.538930806824231E+00     0.307336784137843E+01     0.682501996277826E+00
     0.538030375428440E+00     0.306639179704115E+01     0.679412870827230E+00
     0.537128824450623E+00     0.305941647396990E+01     0.676331634046145E+00
     0.536226136202781E+00     0.305244176359785E+01     0.673258286635241E+00
     0.535322292368674E+00     0.304546755294569E+01     0.670192828775941E+00
     0.534417273969008E+00     0.303849372438219E+01     0.667135260108505E+00
     0.533511061323491E+00     0.303152015536427E+01     0.664085579705799E+00
     0.532603634011355E+00     0.302454671816399E+01     0.661043786051409E+00
     0.531694970824994E+00     0.301757327955474E+01     0.658009876997286E+00
     0.530785049726213E+00     0.301059970050473E+01     0.654983849748217E+00
     0.529873847793571E+00     0.300362583581811E+01     0.651965700818639E+00
     0.528961341167648E+00     0.299665153375816E+01     0.648955425996489E+00
     0.528047504991792E+00     0.298967663563896E+01     0.645953020303822E+00
     0.527132313347365E+00     0.298270097538001E+01     0.642958477951591E+00
     0.526215739184867E+00     0.297572437902984E+01     0.639971792297121E+00
     0.525297754244856E+00     0.296874666422596E+01     0.636992955777903E+00
     0.524378328978964E+00     0.296176763964340E+01     0.634021959873169E+00
     0.523457432453985E+00     0.295478710434255E+01     0.631058795015802E+00
     0.522535032259484E+00     0.294780484711973E+01     0.628103450554332E+00
     0.521611094393734E+00     0.294082064572993E+01     0.625155914650590E+00
     0.520685583147045E+00     0.293383426607667E+01     0.622216174206836E+00
     0.519758460970154E+00     0.292684546130404E+01     0.619284214769712E+00
     0.518829688330928E+00     0.291985397080444E+01     0.616360020431852E+00
     0.517899223553660E+00     0.291285951910984E+01     0.613443573711377E+00
     0.516967022643439E+00     0.290586181467557E+01     0.610534855428336E+00
     0.516033039090804E+00     0.289886054852768E+01     0.607633844564528E+00
     0.515097223653333E+00     0.289185539275220E+01     0.604740518101837E+00
     0.514159524113155E+00     0.288484599881500E+01     0.601854850845958E+00
     0.513219885007574E+00     0.287783199569143E+01     0.598976815236450E+00
     0.512278247319844E+00     0.287081298773112E+01     0.596106381100560E+00
     0.511334548141825E+00     0.286378855230902E+01     0.593243515422538E+00
     0.510388720284679E+00     0.285675823712910E+01     0.590388182043294E+00
     0.509440691842434E+00     0.284972155719231E+01     0.587540341338619E+00
     0.508490385693682E+00     0.284267799133746E+01     0.584699949841570E+00
     0.507537718934852E+00     0.283562697830208E+01     0.581866959817510E+00
     0.506582602230690E+00     0.282856791220646E+01     0.579041318773445E+00
     0.505624939064474E+00     0.282150013734300E+01     0.576222968879803E+00
     0.504664624875458E+00     0.281442294217188E+01     0.573411846316469E+00
     0.503701546057253E+00     0.280733555234535E+01     0.570607880510026E+00
     0.502735578779866E+00     0.280023712251629E+01     0.567810993202348E+00
     0.501766587621751E+00     0.279312672679375E+01     0.565021097416410E+00
     0.500794423939418E+00     0.278600334738959E+01     0.562238096166316E+00
     0.499910510068616E+00     0.277953567520535E+01     0.559558163841205E+00
     0.499027461254064E+00     0.277308310102451E+01     0.556887909989048E+00
     0.498143721462764E+00     0.276663423806484E+01     0.554225689623445E+00
     0.497259285887835E+00     0.276018905760168E+01     0.551571501659870E+00
     0.496374149647584E+00     0.275374753032161E+01     0.548925344859470E+00
     0.495488307783102E+00     0.274730962630855E+01     0.546287217828434E+00
     0.494601755256049E+00     0.274087531503046E+01     0.543657119018494E+00
     0.493714486946105E+00     0.273444456532447E+01     0.541035046726486E+00
     0.492826497648484E+00     0.272801734538201E+01     0.538420999094534E+00
     0.491937782071256E+00     0.272159362273310E+01     0.535814974109924E+00
     0.491048334832602E+00     0.271517336422995E+01     0.533216969605107E+00
     0.490158150457910E+00     0.270875653602980E+01     0.530626983257566E+00
     0.489267223376690E+00     0.270234310357675E+01     0.528045012589421E+00
     0.488375547919568E+00     0.269593303158361E+01     0.525471054967885E+00
     0.487483118314885E+00     0.268952628401190E+01     0.522905107604664E+00
     0.486589928685270E+00     0.268312282405147E+01     0.520347167555816E+00
     0.485695973044116E+00     0.267672261409931E+01     0.517797231721843E+00
     0.484801245291716E+00     0.267032561573682E+01     0.515255296847042E+00
     0.483905739211437E+00     0.266393178970672E+01     0.512721359519648E+00
     0.483009448465496E+00     0.265754109588806E+01     0.510195416171126E+00
     0.482112366590780E+00     0.265115349327102E+01     0.507677463076361E+00
     0.481214486994225E+00     0.264476893992951E+01     0.505167496352862E+00
     0.480315802948112E+00     0.263838739299296E+01     0.502665511960460E+00
     0.479416307585159E+00     0.263200880861681E+01     0.500171505701057E+00
     0.478515993893304E+00     0.262563314195138E+01     0.497685473218084E+00
     0.477614854710147E+00     0.261926034710870E+01     0.495207409995543E+00
     0.476712882717454E+00     0.261289037712906E+01     0.492737311358341E+00
     0.475810070434866E+00     0.260652318394388E+01     0.490275172470534E+00
     0.474906410213819E+00     0.260015871833864E+01     0.487820988335581E+00
     0.474001894230727E+00     0.259379692991230E+01     0.485374753794865E+00
     0.473096514480142E+00     0.258743776703587E+01     0.482936463527435E+00
     0.472190262767318E+00     0.258108117680786E+01     0.480506112048743E+00
     0.471283130700530E+00     0.257472710500790E+01     0.478083693709857E+00
     0.470375109682875E+00     0.256837549604746E+01     0.475669202696194E+00
     0.469466190903708E+00     0.256202629291823E+01     0.473262633026408E+00
     0.468556365329678E+00     0.255567943713785E+01     0.470863978551460E+00
     0.467645623695095E+00     0.254933486869199E+01     0.468473232952906E+00
     0.466733956491846E+00     0.254299252597353E+01     0.466090389741367E+00
     0.465821353958875E+00     0.253665234571873E+01     0.463715442255346E+00
     0.464907806070889E+00     0.253031426293788E+01     0.461348383659009E+00
     0.463993302526415E+00     0.252397821084847E+01     0.458989206941128E+00
     0.463077832735370E+00     0.251764412079188E+01     0.456637904911948E+00
     0.462161385805757E+00     0.251131192215819E+01     0.454294470202000E+00
     0.461243950529607E+00     0.250498154229975E+01     0.451958895259526E+00
     0.460325515367968E+00     0.249865290644054E+01     0.449631172347553E+00
     0.459406068435229E+00     0.249232593758099E+01     0.447311293541608E+00
     0.458485597482368E+00     0.248600055639645E+01     0.444999250726820E+00
     0.457564089879154E+00     0.247967668112936E+01     0.442695035594655E+00
     0.456641532595181E+00     0.247335422747451E+01     0.440398639639225E+00
     0.455717912180233E+00     0.246703310845975E+01     0.438110054155881E+00
     0.454793214741645E+00     0.246071323430763E+01     0.435829270228978E+00
     0.453867425923952E+00     0.245439451231468E+01     0.433556278743172E+00
     0.452940530882418E+00     0.244807684668795E+01     0.431291070363414E+00
     0.452012514258557E+00     0.244176013839758E+01     0.429033635538085E+00
     0.451083360152352E+00     0.243544428500813E+01     0.426783964491718E+00
     0.450153052093024E+00     0.242912918050104E+01     0.424542047219380E+00
     0.449221573007842E+00     0.242281471508506E+01     0.422307873480649E+00
     0.448288905188663E+00     0.241650077499336E+01     0.420081432792604E+00
     0.447355030256493E+00     0.241018724226766E+01     0.417862714423397E+00
     0.446419929123041E+00     0.240387399452553E+01     0.415651707383377E+00
     0.445483581950326E+00     0.239756090471402E+01     0.413448400418207E+00
     0.444545968106598E+00     0.239124784084283E+01     0.411252781998460E+00
     0.443607066119832E+00     0.238493466570110E+01     0.409064840310982E+00
     0.442666853627445E+00     0.237862123655225E+01     0.406884563248053E+00
     0.441725307322446E+00     0.237230740480703E+01     0.404711938395997E+00
     0.440782402895906E+00     0.236599301567363E+01     0.402546953023791E+00
     0.439838114974746E+00     0.235967790778046E+01     0.400389594069214E+00
     0.438892417055367E+00     0.235336191277286E+01     0.398239848125504E+00
     0.437945281432036E+00     0.234704485487872E+01     0.396097701425835E+00
     0.436996679120299E+00     0.234072655044332E+01     0.393963139827933E+00
     0.436046579774243E+00     0.233440680742812E+01     0.391836148795917E+00
     0.435094951598066E+00     0.232808542487430E+01     0.389716713382437E+00
     0.434141761250881E+00     0.232176219232615E+01     0.387604818208726E+00
     0.433186973744753E+00     0.231543688921351E+01     0.385500447443984E+00
     0.432230552335118E+00     0.230910928418942E+01     0.383403584782483E+00
     0.431272458403976E+00     0.230277913442368E+01     0.381314213420999E+00
     0.430312651334817E+00     0.229644618484820E+01     0.379232316034003E+00
     0.429351088379535E+00     0.229011016735525E+01     0.377157874748079E+00
     0.428387724517649E+00     0.228377079995023E+01     0.375090871116811E+00
     0.427422512307623E+00     0.227742778585987E+01     0.373031286094459E+00
     0.426455401731684E+00     0.227108081260388E+01     0.370979100011167E+00
     0.425486340035720E+00     0.226472955103931E+01     0.368934292550970E+00
     0.424515271564816E+00     0.225837365439466E+01     0.366896842726481E+00
     0.423542137603826E+00     0.225201275732217E+01     0.364866728873122E+00
     0.422566876221979E+00     0.224564647500521E+01     0.362843928638560E+00
     0.421589422136602E+00     0.223927440238603E+01     0.360828418993362E+00
     0.420609706608162E+00     0.223289611360499E+01     0.358820176261649E+00
     0.419627657388369E+00     0.222651116178983E+01     0.356819176182244E+00
     0.418643198755032E+00     0.222011907940893E+01     0.354825394017771E+00
     0.417656251684523E+00     0.221371937951332E+01     0.352838804735113E+00
     0.416666734240287E+00     0.220731155836928E+01     0.350859383291293E+00
     0.415674562303524E+00     0.220089510028199E+01     0.348887105084259E+00
     0.414679650848167E+00     0.219446948589814E+01     0.346921946657364E+00
     0.413681916098932E+00     0.218803420613968E+01     0.344963886810454E+00
     0.412681279157961E+00     0.218158878548693E+01     0.343012908380278E+00
     0.411677672157163E+00     0.217513282134146E+01     0.341069001152572E+00
     0.410671048981951E+00     0.216866605242885E+01     0.339132166842880E+00
     0.409661404800174E+00     0.216218848318281E+01     0.337202428016190E+00
     0.408648814242317E+00     0.215570062664671E+01     0.335279845402215E+00
     0.407633514955786E+00     0.214920403578688E+01     0.333364555706831E+00
     0.406616130444284E+00     0.214270272054456E+01     0.331456872790002E+00
     0.405598609548877E+00     0.213620912572088E+01     0.329557718353386E+00
     0.404586571044201E+00     0.212975902056814E+01     0.327669671060145E+00
     0.403565336978759E+00     0.212325886716944E+01     0.325785849181504E+00
     0.402531891010266E+00     0.211668966269683E+01     0.323905018154637E+00
     0.401485317958466E+00     0.211004583121465E+01     0.322026955133486E+00
     0.400424564364948E+00     0.210332094795600E+01     0.320151396836038E+00
     0.399348406484234E+00     0.209650754235087E+01     0.318278029598569E+00
     0.398255408009121E+00     0.208959683777865E+01     0.316406476160353E+00
     0.397143863166402E+00     0.208257840118103E+01     0.314536277717691E+00
     0.396011718481960E+00     0.207543966114323E+01     0.312666869101173E+00
     0.394856462492833E+00     0.206816522836273E+01     0.310797543494302E+00
     0.393674965711206E+00     0.206073590928288E+01     0.308927400875389E+00
     0.392463240249744E+00     0.205312722409974E+01     0.307055270025842E+00
     0.391216063399557E+00     0.204530708531668E+01     0.305179585486463E+00
     0.390107075265469E+00     0.203836284588381E+01     0.303370277064087E+00
     0.389295863733565E+00     0.203328958704691E+01     0.301687350278855E+00
     0.388481044884734E+00     0.202819948525327E+01     0.300008697709303E+00
     0.387662541263174E+00     0.202309210405990E+01     0.298334323478357E+00
     0.386840272230250E+00     0.201796698882934E+01     0.296664231583440E+00
     0.386014153765111E+00     0.201282366558140E+01     0.294998425880442E+00
     0.385184098248390E+00     0.200766163974752E+01     0.293336910065483E+00
     0.384350014228156E+00     0.200248039482139E+01     0.291679687657186E+00
     0.383511806162800E+00     0.199727939087983E+01     0.290026761968529E+00
     0.382647510725448E+00     0.199192261918211E+01     0.288370096887169E+00
     0.381738313285974E+00     0.198629403120910E+01     0.286703267919275E+00
     0.380824765603521E+00     0.198064511945610E+01     0.285041444538259E+00
     0.379906365462233E+00     0.197497283901624E+01     0.283384489131092E+00
     0.378982643015430E+00     0.196927435696308E+01     0.281732284294802E+00
     0.378053143781444E+00     0.196354694650937E+01     0.280084726174590E+00
     0.377117415830383E+00     0.195778790764073E+01     0.278441719691013E+00
     0.376174999368004E+00     0.195199450300318E+01     0.276803174915509E+00
     0.375225417590982E+00     0.194616390200478E+01     0.275169004151871E+00
     0.374268168034480E+00     0.194029312831078E+01     0.273539119415528E+00
     0.373302713820847E+00     0.193437900707829E+01     0.271913430110980E+00
     0.372328474294246E+00     0.192841810878782E+01     0.270291840747129E+00
     0.371344814521703E+00     0.192240668653750E+01     0.268674248523507E+00
     0.370351033103873E+00     0.191634060344302E+01     0.267060540676670E+00
     0.369346347599163E+00     0.191021524599756E+01     0.265450591398138E+00
     0.368329876681294E+00     0.190402541814646E+01     0.263844258140502E+00
     0.367508895119157E+00     0.189903156837071E+01     0.262305440206204E+00
     0.366786013216538E+00     0.189463911708939E+01     0.260801726592092E+00
     0.366060601461084E+00     0.189023574662866E+01     0.259301682816933E+00
     0.365332619355192E+00     0.188582123792545E+01     0.257805314386784E+00
     0.364602025233847E+00     0.188139536554945E+01     0.256312626882451E+00
     0.363868776212886E+00     0.187695789741879E+01     0.254823625959754E+00
     0.363132828134308E+00     0.187250859449854E+01     0.253338317350400E+00
     0.362394135508015E+00     0.186804721047956E+01     0.251856706862320E+00
     0.361652651449893E+00     0.186357349143704E+01     0.250378800380088E+00
     0.360908327615767E+00     0.185908717546620E+01     0.248904603864944E+00
     0.360161114131163E+00     0.185458799229437E+01     0.247434123355199E+00
     0.359410959516099E+00     0.185007566286573E+01     0.245967364965919E+00
     0.358657810604788E+00     0.184554989889759E+01     0.244504334888730E+00
     0.357901612459606E+00     0.184101040240475E+01     0.243045039391284E+00
     0.357142308278908E+00     0.183645686518938E+01     0.241589484816689E+00
     0.356379839297831E+00     0.183188896829221E+01     0.240137677582161E+00
     0.355614144681728E+00     0.182730638140215E+01     0.238689624177836E+00
     0.354845161411195E+00     0.182270876221916E+01     0.237245331164896E+00
     0.354072824157867E+00     0.181809575576558E+01     0.235804805173218E+00
     0.353297065149998E+00     0.181346699364024E+01     0.234368052898483E+00
     0.352517814026620E+00     0.180882209320866E+01     0.232935081098626E+00
     0.351734997679047E+00     0.180416065672218E+01     0.231505896589761E+00
     0.350948540078503E+00     0.179948227034281E+01     0.230080506241633E+00
     0.350158362084645E+00     0.179478650313961E+01     0.228658916967410E+00
     0.349364381241772E+00     0.179007290586677E+01     0.227241135721875E+00
     0.348566511548566E+00     0.178534100973445E+01     0.225827169488643E+00
     0.347764663206706E+00     0.178059032499351E+01     0.224417025269758E+00
     0.346958742341893E+00     0.177582033937744E+01     0.223010710072798E+00
     0.346148650693209E+00     0.177103051636601E+01     0.221608230894832E+00
     0.345334285265823E+00     0.176622029324217E+01     0.220209594703175E+00
     0.344515537940902E+00     0.176138907890696E+01     0.218814808412493E+00
     0.343692295034850E+00     0.175653625140815E+01     0.217423878856883E+00
     0.342864436798316E+00     0.175166115512821E+01     0.216036812755758E+00
     0.342031836843201E+00     0.174676309756504E+01     0.214653616672676E+00
     0.341194361482214E+00     0.174184134562955E+01     0.213274296964526E+00
     0.340351868962650E+00     0.173689512123888E+01     0.211898859719307E+00
     0.339504208565770E+00     0.173192359643933E+01     0.210527310677541E+00
     0.338657616483457E+00     0.172696335083902E+01     0.209161027724109E+00
     0.337827380884867E+00     0.172210383584173E+01     0.207803189356051E+00
     0.336992037481212E+00     0.171721931335650E+01     0.206449139370845E+00
     0.336151425600823E+00     0.171230890122092E+01     0.205098883024024E+00
     0.335305374863081E+00     0.170737166352099E+01     0.203752425365973E+00
     0.334453704299359E+00     0.170240660570585E+01     0.202409771201079E+00
     0.333596221367602E+00     0.169741266910961E+01     0.201070925040567E+00
     0.332732720843993E+00     0.169238872478908E+01     0.199735891047273E+00
     0.331862983572977E+00     0.168733356657173E+01     0.198404672972518E+00
     0.330986775051919E+00     0.168224590318314E+01     0.197077274081539E+00
     0.330103843823536E+00     0.167712434930428E+01     0.195753697068518E+00
     0.329213919641923E+00     0.167196741536187E+01     0.194433943949833E+00
     0.328316711373855E+00     0.166677349585285E+01     0.193118015951683E+00
     0.327411904584246E+00     0.166154085589978E+01     0.191805913365179E+00
     0.326499158747532E+00     0.165626761572446E+01     0.190497635380806E+00
     0.325578104010197E+00     0.165095173261848E+01     0.189193179889871E+00
     0.324648337413199E+00     0.164559097990144E+01     0.187892543247927E+00
     0.323709418458879E+00     0.164018292222363E+01     0.186595719989908E+00
     0.322760863878014E+00     0.163472488640630E+01     0.185302702487063E+00
     0.321802141411793E+00     0.162921392678699E+01     0.184013480529270E+00
     0.320832662372121E+00     0.162364678374775E+01     0.182728040814867E+00
     0.319851772672219E+00     0.161801983370702E+01     0.181446366322324E+00
     0.318858741923512E+00     0.161232902831877E+01     0.180168435530306E+00
     0.317852750062124E+00     0.160656981988176E+01     0.178894221441466E+00
     0.316832870782600E+00     0.160073706892370E+01     0.177623690348849E+00
     0.315798050791980E+00     0.159482492844825E+01     0.176356800259971E+00
     0.314747083516034E+00     0.158882669719937E+01     0.175093498861879E+00
     0.313678575323532E+00     0.158273463113811E+01     0.173833720856272E+00
     0.312590901484469E+00     0.157653969757270E+01     0.172577384420174E+00
     0.311482147761309E+00     0.157023124902338E+01     0.171324386425090E+00
     0.310350031441759E+00     0.156379658221511E+01     0.170074595858219E+00
     0.309191792193039E+00     0.155722032842158E+01     0.168827844567037E+00
     0.308004037291139E+00     0.155048358880530E+01     0.167583913904955E+00
     0.306782515454672E+00     0.154356267066307E+01     0.166342514879668E+00
     0.305521774295834E+00     0.153642717300618E+01     0.165103257580748E+00
     0.304214618445056E+00     0.152903695761419E+01     0.163865601993620E+00
     0.302851204891409E+00     0.152133709128726E+01     0.162628774543106E+00
     0.301417425017743E+00     0.151324879852985E+01     0.161391616360531E+00
     0.299891734271299E+00     0.150465173047391E+01     0.160152281126978E+00
     0.298794606624927E+00     0.149847571013624E+01     0.158974120931114E+00
     0.298131355221116E+00     0.149474575733254E+01     0.157852708953825E+00
     0.297466653212417E+00     0.149101079209610E+01     0.156734265103130E+00
     0.296800488478888E+00     0.148727075555851E+01     0.155618792084689E+00
     0.296132848742211E+00     0.148352558810614E+01     0.154506292644443E+00
     0.295463721562654E+00     0.147977522936570E+01     0.153396769569136E+00
     0.294793094336052E+00     0.147601961818976E+01     0.152290225687068E+00
     0.294120954290611E+00     0.147225869264148E+01     0.151186663868645E+00
     0.293447288483525E+00     0.146849238997874E+01     0.150086087026693E+00
     0.292772083797789E+00     0.146472064663865E+01     0.148988498117446E+00
     0.292095326938617E+00     0.146094339822070E+01     0.147893900140820E+00
     0.291417004429965E+00     0.145716057947011E+01     0.146802296141171E+00
     0.290737102610911E+00     0.145337212426052E+01     0.145713689207945E+00
     0.290055607631942E+00     0.144957796557625E+01     0.144628082476360E+00
     0.289372505451059E+00     0.144577803549385E+01     0.143545479127905E+00
     0.288687781829880E+00     0.144197226516339E+01     0.142465882391102E+00
     0.288001422329663E+00     0.143816058478938E+01     0.141389295542335E+00
     0.287313412306996E+00     0.143434292361044E+01     0.140315721906210E+00
     0.286623736909647E+00     0.143051920987925E+01     0.139245164856534E+00
     0.285932381072148E+00     0.142668937084151E+01     0.138177627816997E+00
     0.285239329511215E+00     0.142285333271409E+01     0.137113114261782E+00
     0.284544566721224E+00     0.141901102066324E+01     0.136051627716595E+00
     0.283848076969287E+00     0.141516235878125E+01     0.134993171759134E+00
     0.283149844290367E+00     0.141130727006299E+01     0.133937750019963E+00
     0.282449852482290E+00     0.140744567638193E+01     0.132885366183495E+00
     0.281748085100445E+00     0.140357749846487E+01     0.131836023988640E+00
     0.281044525452374E+00     0.139970265586612E+01     0.130789727229577E+00
     0.280339156592355E+00     0.139582106694134E+01     0.129746479756869E+00
     0.279631961315599E+00     0.139193264881987E+01     0.128706285478129E+00
     0.278922922152382E+00     0.138803731737662E+01     0.127669148358963E+00
     0.278212021362092E+00     0.138413498720331E+01     0.126635072424099E+00
     0.277499240926764E+00     0.138022557157787E+01     0.125604061757888E+00
     0.276784562544826E+00     0.137630898243406E+01     0.124576120505671E+00
     0.276067967624395E+00     0.137238513032941E+01     0.123551252874650E+00
     0.275349437276347E+00     0.136845392441209E+01     0.122529463134753E+00
     0.274628952307285E+00     0.136451527238701E+01     0.121510755619789E+00
     0.273906493212276E+00     0.136056908048091E+01     0.120495134728593E+00
     0.273182040167195E+00     0.135661525340567E+01     0.119482604925908E+00
     0.272455573021015E+00     0.135265369432116E+01     0.118473170743685E+00
     0.271727071287578E+00     0.134868430479594E+01     0.117466836781883E+00
     0.270996514137566E+00     0.134470698476812E+01     0.116463607710249E+00
     0.270263880389488E+00     0.134072163250269E+01     0.115463488268730E+00
     0.269529148501128E+00     0.133672814454973E+01     0.114466483269402E+00
     0.268792296560096E+00     0.133272641569935E+01     0.113472597597295E+00
     0.268053302274321E+00     0.132871633893581E+01     0.112481836211738E+00
     0.267312142962257E+00     0.132469780539023E+01     0.111494204147863E+00
     0.266568795542523E+00     0.132067070429088E+01     0.110509706517705E+00
     0.265823236523425E+00     0.131663492291249E+01     0.109528348511839E+00
     0.265075441991866E+00     0.131259034652291E+01     0.108550135400584E+00
     0.264325387601980E+00     0.130853685832839E+01     0.107575072535582E+00
     0.263573048563359E+00     0.130447433941656E+01     0.106603165351285E+00
     0.262818399628753E+00     0.130040266869726E+01     0.105634419366476E+00
     0.262061415080945E+00     0.129632172284006E+01     0.104668840185087E+00
     0.261302068721196E+00     0.129223137621494E+01     0.103706433500886E+00
     0.260540333853132E+00     0.128813150081956E+01     0.102747205094715E+00
     0.259776183270041E+00     0.128402196621463E+01     0.101791160839075E+00
     0.259009589239667E+00     0.127990263945123E+01     0.100838306699173E+00
     0.258240523488793E+00     0.127577338499634E+01     0.998886487347278E-01
     0.257468957187271E+00     0.127163406465548E+01     0.989421931019445E-01
     0.256694860931369E+00     0.126748453749213E+01     0.979989460555044E-01
     0.255918204726249E+00     0.126332465974322E+01     0.970589139502620E-01
     0.255138957968008E+00     0.125915428473196E+01     0.961221032435448E-01
     0.254357089424835E+00     0.125497326277659E+01     0.951885204972949E-01
     0.253572567217218E+00     0.125078144109475E+01     0.942581723799966E-01
     0.252785358797556E+00     0.124657866370447E+01     0.933310656691630E-01
     0.251995430928760E+00     0.124236477132047E+01     0.924072072536625E-01
     0.251202749661781E+00     0.123813960124536E+01     0.914866041358977E-01
     0.250407280312364E+00     0.123390298725678E+01     0.905692634344872E-01
     0.249608987436538E+00     0.122965475948858E+01     0.896551923866499E-01
     0.248807834805169E+00     0.122539474430721E+01     0.887443983510034E-01
     0.248003785377194E+00     0.122112276418182E+01     0.878368888102382E-01
     0.247196801271547E+00     0.121683863754806E+01     0.869326713737757E-01
     0.246386843737960E+00     0.121254217866603E+01     0.860317537809211E-01
     0.245573873126715E+00     0.120823319747219E+01     0.851341439047232E-01
     0.244757848854400E+00     0.120391149941699E+01     0.842398497517294E-01
     0.243938729372678E+00     0.119957688530758E+01     0.833488794697041E-01
     0.243116472131170E+00     0.119522915113040E+01     0.824612413483598E-01
     0.242291033540380E+00     0.119086808787006E+01     0.815769438233781E-01
     0.241462368932322E+00     0.118649348131780E+01     0.806959954799678E-01
     0.240630432519154E+00     0.118210511186986E+01     0.798184050566965E-01
     0.239795177349663E+00     0.117770275431530E+01     0.789441814495577E-01
     0.238956555262863E+00     0.117328617761064E+01     0.780733337153461E-01
     0.238114516839857E+00     0.116885514464440E+01     0.772058710765307E-01
     0.237269011352539E+00     0.116440941198698E+01     0.763418029255418E-01
     0.236419986709002E+00     0.115994872962511E+01     0.754811388286372E-01
     0.235567389397297E+00     0.115547284068530E+01     0.746238885323614E-01
     0.234711164422785E+00     0.115098148113187E+01     0.737700619652983E-01
     0.233851255245907E+00     0.114647437945886E+01     0.729196692465592E-01
     0.232987603712839E+00     0.114195125635347E+01     0.720727206893141E-01
     0.232120149983386E+00     0.113741182434295E+01     0.712292268069125E-01
     0.231248832453836E+00     0.113285578741773E+01     0.703891983184951E-01
     0.230373587674824E+00     0.112828284063004E+01     0.695526461547608E-01
     0.229494350264697E+00     0.112369266966876E+01     0.687195814653634E-01
     0.228611052815446E+00     0.111908495040089E+01     0.678900156240358E-01
     0.227723625795177E+00     0.111445934839036E+01     0.670639602384464E-01
     0.226831997439492E+00     0.110981551837064E+01     0.662414271538488E-01
     0.225936093639096E+00     0.110515310369137E+01     0.654224284628169E-01
     0.225035837817789E+00     0.110047173572052E+01     0.646069765131047E-01
     0.224131150801661E+00     0.109577103320291E+01     0.637950839161274E-01
     0.223221950678907E+00     0.109105060157180E+01     0.629867635564697E-01
     0.222308152647429E+00     0.108631003220297E+01     0.621820285996433E-01
     0.221389668852819E+00     0.108154890161728E+01     0.613808925036292E-01
     0.220466408211796E+00     0.107676677061435E+01     0.605833690286353E-01
     0.219538276221923E+00     0.107196318333735E+01     0.597894722483968E-01
     0.218605174755162E+00     0.106713766625850E+01     0.589992165616527E-01
     0.217667001833901E+00     0.106228972707793E+01     0.582126167044744E-01
     0.216723651388111E+00     0.105741885352795E+01     0.574296877642657E-01
     0.215775012989044E+00     0.105252451206474E+01     0.566504451921620E-01
     0.214820971560929E+00     0.104760614644659E+01     0.558749048197418E-01
     0.213861407062814E+00     0.104266317616981E+01     0.551030828727698E-01
     0.212896194143191E+00     0.103769499476356E+01     0.543349959909165E-01
     0.211925201755626E+00     0.103270096790042E+01     0.535706612420300E-01
     0.210948292740243E+00     0.102768043132915E+01     0.528100961443976E-01
     0.209965323358814E+00     0.102263268858229E+01     0.520533186869462E-01
     0.208976142778307E+00     0.101755700843154E+01     0.513003473489366E-01
     0.207980592502826E+00     0.101245262207726E+01     0.505512011287831E-01
     0.206978505732002E+00     0.100731871998934E+01     0.498058995633503E-01
     0.205969706652697E+00     0.100215444840206E+01     0.490644627607044E-01
     0.204954009639690E+00     0.996958905366532E+00     0.483269114289149E-01
     0.203931218356577E+00     0.991731136307742E+00     0.475932669079267E-01
     0.202901124740069E+00     0.986470129003647E+00     0.468635512042752E-01
     0.201863507850431E+00     0.981174807896290E+00     0.461377870321285E-01
     0.200818132558567E+00     0.975844027598674E+00     0.454159978535124E-01
     0.199764748046500E+00     0.970476565471690E+00     0.446982079258555E-01
     0.198703086082299E+00     0.965071113083798E+00     0.439844423527550E-01
     0.197632859026078E+00     0.959626266337256E+00     0.432747271392124E-01
     0.196553757516898E+00     0.954140514004304E+00     0.425690892574345E-01
     0.195530501050860E+00     0.948942615966092E+00     0.418685244499103E-01
     0.194545321267222E+00     0.943942011907866E+00     0.411724236881426E-01
     0.193553743164308E+00     0.938912771685237E+00     0.404800516914053E-01
     0.192555614762481E+00     0.933854169650572E+00     0.397914287184134E-01
     0.191550777330774E+00     0.928765447648714E+00     0.391065755627285E-01
     0.190539064918274E+00     0.923645812745884E+00     0.384255135768415E-01
     0.189520303839748E+00     0.918494434736302E+00     0.377482646975475E-01
     0.188494312110277E+00     0.913310443400327E+00     0.370748514735586E-01
     0.187460898821570E+00     0.908092925479310E+00     0.364052970945539E-01
     0.186419863452988E+00     0.902840921332066E+00     0.357396254230540E-01
     0.185370995107485E+00     0.897553421226230E+00     0.350778610281928E-01
     0.184314071662504E+00     0.892229361215024E+00     0.344200292226373E-01
     0.183248858822794E+00     0.886867618536631E+00     0.337661561020827E-01
     0.182175109060951E+00     0.881467006466124E+00     0.331162685884658E-01
     0.181092560427787E+00     0.876026268533124E+00     0.324703944767165E-01
     0.180000935211752E+00     0.870544072003610E+00     0.318285624856942E-01
     0.178899938422345E+00     0.865019000503374E+00     0.311908023138937E-01
     0.177789256067272E+00     0.859449545635424E+00     0.305571447006026E-01
     0.176668553186253E+00     0.853834097410349E+00     0.299276214928775E-01
     0.175537471596774E+00     0.848170933270852E+00     0.293022657196672E-01
     0.174395627295951E+00     0.842458205438037E+00     0.286811116736107E-01
     0.173242607450007E+00     0.836693926244166E+00     0.280641950022181E-01
     0.172077966884867E+00     0.830875951029492E+00     0.274515528094197E-01
     0.170901223969214E+00     0.825001958071878E+00     0.268432237693071E-01
     0.169711855751710E+00     0.819069424872687E+00     0.262392482544447E-01
     0.168509292174000E+00     0.813075599926813E+00     0.256396684810514E-01
     0.167292909127676E+00     0.807017468843093E+00     0.250445286741399E-01
     0.166062020050499E+00     0.800891713324092E+00     0.244538752569514E-01
     0.164815865654980E+00     0.794694661014940E+00     0.238677570693365E-01
     0.163553601239573E+00     0.788422223531091E+00     0.232862256214734E-01
     0.162274280828669E+00     0.782069818975694E+00     0.227093353906011E-01
     0.160976837080539E+00     0.775632273755557E+00     0.221371441746973E-01
     0.159660055474363E+00     0.769103696405144E+00     0.215697135098182E-01
     0.158322540574442E+00     0.762477312642540E+00     0.210071091788605E-01
     0.156962671125420E+00     0.755745245761414E+00     0.204494018318027E-01
     0.155578538984403E+00     0.748898217905575E+00     0.198966677560236E-01
     0.154167864001868E+00     0.741925133597157E+00     0.193489898480736E-01
     0.152727871916633E+00     0.734812482168983E+00     0.188064588628935E-01
     0.151255113125576E+00     0.727543450660658E+00     0.182691750547307E-01
     0.149745182441598E+00     0.720096551791558E+00     0.177372503878104E-01
     0.148192263350984E+00     0.712443392290228E+00     0.172108116034305E-01
     0.146588338212869E+00     0.704544804733070E+00     0.166900046257674E-01
     0.144921701005934E+00     0.696343562290016E+00     0.161750011487795E-01
     0.143173818950101E+00     0.687749003051436E+00     0.156660089162392E-01
     0.141311498497243E+00     0.678598643431496E+00     0.151632882104719E-01
     0.139260957047124E+00     0.668531110671892E+00     0.146671747019312E-01
     0.137237117914889E+00     0.658601762443890E+00     0.141791105533825E-01
     0.135869748256134E+00     0.651898423787339E+00     0.136987861770333E-01
     0.134485990326686E+00     0.645119756626459E+00     0.132234000290530E-01
     0.133085198868238E+00     0.638262715960918E+00     0.127530080419960E-01
     0.131666684549343E+00     0.631324048091208E+00     0.122876684728775E-01
     0.130229709696257E+00     0.624300270350233E+00     0.118274420642396E-01
     0.128773483392086E+00     0.617187647851636E+00     0.113723922210849E-01
     0.127297155918255E+00     0.609982167114933E+00     0.109225852061317E-01
     0.125799812426412E+00     0.602679506036782E+00     0.104780903552015E-01
     0.124280465709501E+00     0.595274999580606E+00     0.100389803184767E-01
     0.122738047903159E+00     0.587763600391493E+00     0.960533132465594E-02
     0.121171400926827E+00     0.580139833419040E+00     0.917722348002184E-02
     0.119579265415706E+00     0.572397743373519E+00     0.875474110164863E-02
     0.117960267844593E+00     0.564530833591456E+00     0.833797309256001E-02
     0.116312905468935E+00     0.556531994530216E+00     0.792701336553091E-02
     0.114635528613339E+00     0.548393419658729E+00     0.752196132391111E-02
     0.112926319713577E+00     0.540106505920848E+00     0.712292240962899E-02
     0.111183268354566E+00     0.531661735170072E+00     0.673000873113813E-02
     0.109404141328452E+00     0.523048531936129E+00     0.634333978675454E-02
     0.107586446443177E+00     0.514255091486892E+00     0.596304330293833E-02
     0.105727388411015E+00     0.505268170242527E+00     0.558925621209799E-02
     0.103823814592035E+00     0.496072827961434E+00     0.522212580123556E-02
     0.101872147589513E+00     0.486652107417301E+00     0.486181107177961E-02
     0.998683005845213E-01     0.476986632007890E+00     0.450848436330894E-02
     0.978075696857119E-01     0.467054094071698E+00     0.416233331072323E-02
     0.956844951842740E-01     0.456828595338101E+00     0.382356322844399E-02
     0.934926799919897E-01     0.446279783752566E+00     0.349240004921550E-02
     0.912245479357209E-01     0.435371704254010E+00     0.316909399508500E-02
     0.888710156406617E-01     0.424061238540649E+00     0.285392423311292E-02
     0.864210370079809E-01     0.412295938791141E+00     0.254720488197973E-02
     0.838609541497991E-01     0.400010940661616E+00     0.224929292286960E-02
     0.811735438226092E-01     0.387124427598056E+00     0.196059886180087E-02
     0.783365644660535E-01     0.373530719055024E+00     0.168160151512013E-02
     0.753204419910843E-01     0.359089260608761E+00     0.141286922159783E-02
     0.720843751342677E-01     0.343606093263043E+00     0.115509158858588E-02
     0.685693025701826E-01     0.326800387616889E+00     0.909129629195246E-03
     0.646839545908429E-01     0.308238064268268E+00     0.676100789477923E-03
     0.602732851611713E-01     0.287181547268346E+00     0.457538170433905E-03
     0.550309155281553E-01     0.262172997281008E+00     0.255736891897218E-03
     0.481462776306700E-01     0.229354522872602E+00     0.747344570553341E-04
