     0.112225075415075E+01     0.848272401850351E+01     0.345806010653915E+01
     0.112119824545821E+01     0.847319911620868E+01     0.345363416450981E+01
     0.112014420482989E+01     0.846365940187353E+01     0.344920652676006E+01
     0.111908858744301E+01     0.845410443117473E+01     0.344477712723039E+01
     0.111803134574264E+01     0.844453373439963E+01     0.344034589754142E+01
     0.111697242920029E+01     0.843494681423710E+01     0.343591276679188E+01
     0.111591178404943E+01     0.842534314331909E+01     0.343147766136846E+01
     0.111484935298426E+01     0.841572216145948E+01     0.342704050470015E+01
     0.111378507482367E+01     0.840608327255642E+01     0.342260121699756E+01
     0.111271888413264E+01     0.839642584110443E+01     0.341815971495988E+01
     0.111165071079381E+01     0.838674918825128E+01     0.341371591144118E+01
     0.111058047952195E+01     0.837705258732807E+01     0.340926971507422E+01
     0.110950810931115E+01     0.836733525876263E+01     0.340482102984214E+01
     0.110843351280370E+01     0.835759636427100E+01     0.340036975459223E+01
     0.110735659556552E+01     0.834783500019405E+01     0.339591578247535E+01
     0.110627725525232E+01     0.833805018982617E+01     0.339145900030605E+01
     0.110519538064401E+01     0.832824087453784E+01     0.338699928781974E+01
     0.110411085052231E+01     0.831840590345576E+01     0.338253651681203E+01
     0.110302353235857E+01     0.830854402140248E+01     0.337807055013439E+01
     0.110193328077156E+01     0.829865385472320E+01     0.337360124051541E+01
     0.110083993570386E+01     0.828873389453015E+01     0.336912842917056E+01
     0.109974332025121E+01     0.827878247676335E+01     0.336465194414845E+01
     0.109864323806129E+01     0.826879775829954E+01     0.336017159835432E+01
     0.109753947019223E+01     0.825877768810603E+01     0.335568718716667E+01
     0.109643177128756E+01     0.824871997212405E+01     0.335119848554037E+01
     0.109531986487592E+01     0.823862203013003E+01     0.334670524445003E+01
     0.109420343754107E+01     0.822848094222410E+01     0.334220718649907E+01
     0.109308213160474E+01     0.821829338170698E+01     0.333770400039749E+01
     0.109195553583953E+01     0.820805552988326E+01     0.333319533398188E+01
     0.109082317351786E+01     0.819776296645067E+01     0.332868078524745E+01
     0.108968448679889E+01     0.818741052634081E+01     0.332415989064500E+01
     0.108853881598445E+01     0.817699210954714E+01     0.331963210956177E+01
     0.108738537142182E+01     0.816650042358246E+01     0.331509680334975E+01
     0.108622319458790E+01     0.815592662686461E+01     0.331055320631091E+01
     0.108505110279357E+01     0.814525982208306E+01     0.330600038456019E+01
     0.108386760819755E+01     0.813448631434667E+01     0.330143717586827E+01
     0.108267079485165E+01     0.812358848509925E+01     0.329686209850324E+01
     0.108145812368373E+01     0.811254300641217E+01     0.329227320689541E+01
     0.108022610593402E+01     0.810131785135452E+01     0.328766785035913E+01
     0.107896971705322E+01     0.808986692938932E+01     0.328304224084650E+01
     0.107786891361941E+01     0.807983097129028E+01     0.327852040437990E+01
     0.107691112470617E+01     0.807109716471049E+01     0.327409542602183E+01
     0.107595283797662E+01     0.806235733019029E+01     0.326966861250652E+01
     0.107499404940888E+01     0.805361140566387E+01     0.326523993389137E+01
     0.107403475491618E+01     0.804485932840978E+01     0.326080936009464E+01
     0.107307495034574E+01     0.803610103503948E+01     0.325637686089574E+01
     0.107211463147703E+01     0.802733646148280E+01     0.325194240593150E+01
     0.107115379402059E+01     0.801856554297586E+01     0.324750596469658E+01
     0.107019243361619E+01     0.800978821404572E+01     0.324306750653986E+01
     0.106923054583149E+01     0.800100440849688E+01     0.323862700066400E+01
     0.106826812616016E+01     0.799221405939515E+01     0.323418441612196E+01
     0.106730517002035E+01     0.798341709905308E+01     0.322973972181643E+01
     0.106634167275286E+01     0.797461345901318E+01     0.322529288649677E+01
     0.106537762961930E+01     0.796580307003135E+01     0.322084387875700E+01
     0.106441303580021E+01     0.795698586205945E+01     0.321639266703336E+01
     0.106344788639312E+01     0.794816176422737E+01     0.321193921960179E+01
     0.106248217641059E+01     0.793933070482471E+01     0.320748350457595E+01
     0.106151590077792E+01     0.793049261128070E+01     0.320302548990333E+01
     0.106054905433072E+01     0.792164741014286E+01     0.319856514336033E+01
     0.105958163181468E+01     0.791279502706473E+01     0.319410243256273E+01
     0.105861362787991E+01     0.790393538677056E+01     0.318963732494078E+01
     0.105764503708079E+01     0.789506841304210E+01     0.318516978775062E+01
     0.105667585387298E+01     0.788619402869356E+01     0.318069978806790E+01
     0.105570607261080E+01     0.787731215554711E+01     0.317622729278370E+01
     0.105473568754458E+01     0.786842271440830E+01     0.317175226860134E+01
     0.105376469281776E+01     0.785952562503935E+01     0.316727468203167E+01
     0.105279308246372E+01     0.785062080613160E+01     0.316279449938665E+01
     0.105182085040415E+01     0.784170817528120E+01     0.315831168678588E+01
     0.105084799044401E+01     0.783278764895464E+01     0.315382621013707E+01
     0.104987449626964E+01     0.782385914246230E+01     0.314933803514154E+01
     0.104890036144478E+01     0.781492256992478E+01     0.314484712728538E+01
     0.104792557940741E+01     0.780597784424125E+01     0.314035345183592E+01
     0.104695014346599E+01     0.779702487705504E+01     0.313585697383607E+01
     0.104597404679569E+01     0.778806357871782E+01     0.313135765809825E+01
     0.104499451346343E+01     0.777906842700154E+01     0.312685304080090E+01
     0.104396019151895E+01     0.776956750214928E+01     0.312229780110348E+01
     0.104292784750195E+01     0.776008192622530E+01     0.311774148591419E+01
     0.104189702232864E+01     0.775060747806048E+01     0.311318369151362E+01
     0.104086736019826E+01     0.774114088005566E+01     0.310862409762548E+01
     0.103983857773526E+01     0.773167951601326E+01     0.310406244226785E+01
     0.103881044399638E+01     0.772222124839109E+01     0.309949850544331E+01
     0.103778276701444E+01     0.771276429527193E+01     0.309493209822473E+01
     0.103675538442653E+01     0.770330714475073E+01     0.309036305510501E+01
     0.103572815678148E+01     0.769384849373475E+01     0.308579122860321E+01
     0.103470096262721E+01     0.768438720308877E+01     0.308121648524730E+01
     0.103367369484048E+01     0.767492226409644E+01     0.307663870260035E+01
     0.103264625782800E+01     0.766545277289989E+01     0.307205776697723E+01
     0.103161856536463E+01     0.765597791071824E+01     0.306747357171637E+01
     0.103059053888174E+01     0.764649692825381E+01     0.306288601574109E+01
     0.102956210611254E+01     0.763700913328816E+01     0.305829500247546E+01
     0.102853319999312E+01     0.762751388064653E+01     0.305370043893250E+01
     0.102750375776504E+01     0.761801056399396E+01     0.304910223497014E+01
     0.102647372023323E+01     0.760849860904802E+01     0.304450030267178E+01
     0.102544303114469E+01     0.759897746789595E+01     0.303989455581847E+01
     0.102441163666403E+01     0.758944661418888E+01     0.303528490944259E+01
     0.102337948492387E+01     0.757990553902415E+01     0.303067127943312E+01
     0.102234652563674E+01     0.757035374738341E+01     0.302605358219166E+01
     0.102131270975599E+01     0.756079075501414E+01     0.302143173432688E+01
     0.102027798917373E+01     0.755121608565889E+01     0.301680565236407E+01
     0.101924231645522E+01     0.754162926858643E+01     0.301217525250928E+01
     0.101820564458974E+01     0.753202983632010E+01     0.300754045037425E+01
     0.101716792677107E+01     0.752241732257847E+01     0.300290116077617E+01
     0.101612911618730E+01     0.751279126033425E+01     0.299825729750483E+01
     0.101508916582413E+01     0.750315117998436E+01     0.299360877310581E+01
     0.101404802827766E+01     0.749349660759931E+01     0.298895549866931E+01
     0.101300565557220E+01     0.748382706321984E+01     0.298429738361292E+01
     0.101196199898217E+01     0.747414205918413E+01     0.297963433546480E+01
     0.101091700885575E+01     0.746444109846368E+01     0.297496625964513E+01
     0.100987063443486E+01     0.745472367297483E+01     0.297029305922112E+01
     0.100882282367634E+01     0.744498926187487E+01     0.296561463467949E+01
     0.100767673211204E+01     0.743433747031963E+01     0.296082314066922E+01
     0.100651966623061E+01     0.742357873270598E+01     0.295601463471978E+01
     0.100538784091244E+01     0.741304995743269E+01     0.295122965822042E+01
     0.100426775791959E+01     0.740262584558407E+01     0.294645335220634E+01
     0.100315438669172E+01     0.739225970309780E+01     0.294168017107128E+01
     0.100204516328052E+01     0.738192772261198E+01     0.293690727306186E+01
     0.100093855067415E+01     0.737161562070636E+01     0.293213293798817E+01
     0.999833526489791E+00     0.736131388411044E+01     0.292735600519988E+01
     0.998729357925703E+00     0.735101568196964E+01     0.292257562708456E+01
     0.997625488490678E+00     0.734071581528642E+01     0.291779114514440E+01
     0.996521475188326E+00     0.733041013440118E+01     0.291300202131155E+01
     0.995416951012787E+00     0.732009519123128E+01     0.290820779691483E+01
     0.994311601190613E+00     0.730976801895492E+01     0.290340806663500E+01
     0.993205147357745E+00     0.729942598524490E+01     0.289860246107968E+01
     0.992097336543641E+00     0.728906669003425E+01     0.289379063456165E+01
     0.990987933176510E+00     0.727868789125240E+01     0.288897225612315E+01
     0.989876713038664E+00     0.726828744860183E+01     0.288414700262877E+01
     0.988763458503092E+00     0.725786327916110E+01     0.287931455320090E+01
     0.987647954610419E+00     0.724741332073330E+01     0.287447458449820E+01
     0.986529985687853E+00     0.723693550016139E+01     0.286962676650845E+01
     0.985409332294559E+00     0.722642770460526E+01     0.286477075860700E+01
     0.984285768329837E+00     0.721588775425379E+01     0.285990620568882E+01
     0.983159058170109E+00     0.720531337521793E+01     0.285503273420651E+01
     0.982028953716172E+00     0.719470217149101E+01     0.285014994796028E+01
     0.980895191237263E+00     0.718405159490135E+01     0.284525742348877E+01
     0.979757487892044E+00     0.717335891192334E+01     0.284035470488744E+01
     0.978615537793166E+00     0.716262116607619E+01     0.283544129786109E+01
     0.977469007457165E+00     0.715183513439964E+01     0.283051666277432E+01
     0.976317530443163E+00     0.714099727613218E+01     0.282558020639848E+01
     0.975160700930457E+00     0.713010367120077E+01     0.282063127197329E+01
     0.973998065906813E+00     0.711914994538216E+01     0.281566912707609E+01
     0.972829115527647E+00     0.710813117792908E+01     0.281069294861683E+01
     0.971653271045942E+00     0.709704178591393E+01     0.280570180403195E+01
     0.970469869476694E+00     0.708587537727295E+01     0.280069462738915E+01
     0.969278143794759E+00     0.707462456112379E+01     0.279567018849245E+01
     0.968077196948196E+00     0.706328069880019E+01     0.279062705241059E+01
     0.966865967086638E+00     0.705183357084254E+01     0.278556352531110E+01
     0.965643180058433E+00     0.704027092212434E+01     0.278047758054062E+01
     0.964407282926600E+00     0.702857782536397E+01     0.277536675525731E+01
     0.963156348286424E+00     0.701673576530751E+01     0.277022800181900E+01
     0.961887931956752E+00     0.700472127694366E+01     0.276505746699316E+01
     0.960598852805882E+00     0.699250383912883E+01     0.275985015072521E+01
     0.959284835269966E+00     0.698004245539488E+01     0.275459935278276E+01
     0.957939892622008E+00     0.696727975663710E+01     0.274929571917809E+01
     0.956555175819656E+00     0.695413099625369E+01     0.274392546447365E+01
     0.955116582048356E+00     0.694046119399485E+01     0.273846668324174E+01
     0.953598949827530E+00     0.692602967062668E+01     0.273288040809349E+01
     0.952103029035459E+00     0.691179356723442E+01     0.272731579443618E+01
     0.951176815744612E+00     0.690297449228185E+01     0.272260021214594E+01
     0.950250268258476E+00     0.689414935185558E+01     0.271788124264113E+01
     0.949323377752293E+00     0.688531805833277E+01     0.271315886782474E+01
     0.948396135415372E+00     0.687648052433639E+01     0.270843306966930E+01
     0.947468532437899E+00     0.686763666260899E+01     0.270370383020192E+01
     0.946540559996821E+00     0.685878638588379E+01     0.269897113148064E+01
     0.945612209243717E+00     0.684992960676704E+01     0.269423495558131E+01
     0.944683471291572E+00     0.684106623761615E+01     0.268949528457547E+01
     0.943754337202765E+00     0.683219619042470E+01     0.268475210051440E+01
     0.942824797976702E+00     0.682331937670629E+01     0.268000538540965E+01
     0.941894844537637E+00     0.681443570737964E+01     0.267525512121369E+01
     0.940964467723036E+00     0.680554509265650E+01     0.267050128980344E+01
     0.940033658271050E+00     0.679664744192493E+01     0.266574387295754E+01
     0.939102406809144E+00     0.678774266363796E+01     0.266098285234084E+01
     0.938170703841222E+00     0.677883066519411E+01     0.265621820947928E+01
     0.937238539735999E+00     0.676991135282332E+01     0.265144992574306E+01
     0.936305904714168E+00     0.676098463146568E+01     0.264667798232258E+01
     0.935372788836005E+00     0.675205040465110E+01     0.264190236020788E+01
     0.934439181988176E+00     0.674310857437345E+01     0.263712304016405E+01
     0.933505073870258E+00     0.673415904096144E+01     0.263234000270584E+01
     0.932570453981682E+00     0.672520170294954E+01     0.262755322807663E+01
     0.931635311606703E+00     0.671623645693682E+01     0.262276269621622E+01
     0.930699635800630E+00     0.670726319744941E+01     0.261796838673888E+01
     0.929763415373808E+00     0.669828181678901E+01     0.261317027889896E+01
     0.928826638876269E+00     0.668929220488145E+01     0.260836835156351E+01
     0.927889294581078E+00     0.668029424911530E+01     0.260356258317913E+01
     0.926951370466967E+00     0.667128783417317E+01     0.259875295173744E+01
     0.926012854200237E+00     0.666227284185510E+01     0.259393943473928E+01
     0.925073733115635E+00     0.665324915089229E+01     0.258912200915603E+01
     0.924133994196236E+00     0.664421663675088E+01     0.258430065138882E+01
     0.923193624052579E+00     0.663517517142650E+01     0.257947533722741E+01
     0.922252608899833E+00     0.662612462322316E+01     0.257464604180146E+01
     0.921310934534408E+00     0.661706485652272E+01     0.256981273953375E+01
     0.920368586308824E+00     0.660799573153875E+01     0.256497540408821E+01
     0.919425549104795E+00     0.659891710405365E+01     0.256013400831300E+01
     0.918481807304974E+00     0.658982882514070E+01     0.255528852418227E+01
     0.917537344762650E+00     0.658073074086674E+01     0.255043892273256E+01
     0.916592144769404E+00     0.657162269197458E+01     0.254558517399481E+01
     0.915646190020551E+00     0.656250451354331E+01     0.254072724692150E+01
     0.914699462577872E+00     0.655337603462319E+01     0.253586510930681E+01
     0.913751943830372E+00     0.654423707784741E+01     0.253099872770540E+01
     0.912803614451062E+00     0.653508745900962E+01     0.252612806733822E+01
     0.911854454351466E+00     0.652592698661416E+01     0.252125309199741E+01
     0.910904442631777E+00     0.651675546138722E+01     0.251637376393827E+01
     0.909953557527810E+00     0.650757267575270E+01     0.251149004376748E+01
     0.909001776352831E+00     0.649837841326136E+01     0.250660189031663E+01
     0.908049075435116E+00     0.648917244797523E+01     0.250170926050878E+01
     0.907095430050371E+00     0.647995454380043E+01     0.249681210921444E+01
     0.906140814347582E+00     0.647072445375857E+01     0.249191038909037E+01
     0.905185201268973E+00     0.646148191919673E+01     0.248700405040823E+01
     0.904228562462087E+00     0.645222666892273E+01     0.248209304086348E+01
     0.903270868184695E+00     0.644295841826503E+01     0.247717730537283E+01
     0.902312087199457E+00     0.643367686803728E+01     0.247225678584417E+01
     0.901352186659217E+00     0.642438170340661E+01     0.246733142092955E+01
     0.900391131981028E+00     0.641507259265021E+01     0.246240114575436E+01
     0.899428886706270E+00     0.640574918577985E+01     0.245746589161138E+01
     0.898465412347796E+00     0.639641111303135E+01     0.245252558563339E+01
     0.897500668219478E+00     0.638705798318635E+01     0.244758015042206E+01
     0.896534611247808E+00     0.637768938171417E+01     0.244262950364074E+01
     0.895567195762159E+00     0.636830486870424E+01     0.243767355755994E+01
     0.894598373261352E+00     0.635890397656350E+01     0.243271221855335E+01
     0.893628092150307E+00     0.634948620742697E+01     0.242774538651871E+01
     0.892656297450680E+00     0.634005103029197E+01     0.242277295426757E+01
     0.891682930467338E+00     0.633059787774368E+01     0.241779480678584E+01
     0.890707928418188E+00     0.632112614229971E+01     0.241281082043998E+01
     0.889731224012461E+00     0.631163517225511E+01     0.240782086206116E+01
     0.888752744972031E+00     0.630212426696459E+01     0.240282478790802E+01
     0.887772413485384E+00     0.629259267146156E+01     0.239782244248330E+01
     0.886790145581791E+00     0.628303957029377E+01     0.239281365717510E+01
     0.885805850414490E+00     0.627346408045000E+01     0.238779824871470E+01
     0.884819429427048E+00     0.626386524315977E+01     0.238277601735672E+01
     0.883830775390594E+00     0.625424201440145E+01     0.237774674480161E+01
     0.882839771278535E+00     0.624459325381754E+01     0.237271019175866E+01
     0.881846288945970E+00     0.623491771170867E+01     0.236766609508544E+01
     0.880850187571477E+00     0.622521401368656E+01     0.236261416441555E+01
     0.879851311807283E+00     0.621548064245261E+01     0.235755407816132E+01
     0.878849489562689E+00     0.620571591598196E+01     0.235248547870648E+01
     0.877844529338539E+00     0.619591796127006E+01     0.234740796665271E+01
     0.876836216984727E+00     0.618608468241618E+01     0.234232109380308E+01
     0.875824311728842E+00     0.617621372152493E+01     0.233722435458587E+01
     0.874808541256822E+00     0.616630241029786E+01     0.233211717541409E+01
     0.873788595562932E+00     0.615634770950428E+01     0.232699890140743E+01
     0.872764119163234E+00     0.614634613236046E+01     0.232186877957986E+01
     0.871734701105481E+00     0.613629364624947E+01     0.231672593726365E+01
     0.870699861972490E+00     0.612618554484808E+01     0.231156935408509E+01
     0.869659036671359E+00     0.611601627885813E+01     0.230639782481569E+01
     0.868611551231984E+00     0.610577922780850E+01     0.230120990935635E+01
     0.867556590829541E+00     0.609546638560384E+01     0.229600386380503E+01
     0.866493154605185E+00     0.608506791630454E+01     0.229077754311205E+01
     0.865419989932803E+00     0.607457150791369E+01     0.228552825949166E+01
     0.864335493404714E+00     0.606396139909084E+01     0.228025256926158E+01
     0.863237555258572E+00     0.605321685015538E+01     0.227494593802170E+01
     0.862123301905351E+00     0.604230961295491E+01     0.226960218678015E+01
     0.860988640713046E+00     0.603119945817902E+01     0.226421251311818E+01
     0.859827381991399E+00     0.601982554980618E+01     0.225876360402697E+01
     0.858629328272619E+00     0.600808767718187E+01     0.225323353098834E+01
     0.857375289946951E+00     0.599579730416726E+01     0.224758104680723E+01
     0.856019267614461E+00     0.598250261397326E+01     0.224170734441377E+01
     0.854428558827310E+00     0.596690002643844E+01     0.223532707913587E+01
     0.853545397334593E+00     0.595823472914517E+01     0.223045584312558E+01
     0.852662072970452E+00     0.594956681096974E+01     0.222558323522868E+01
     0.851778584194743E+00     0.594089628181857E+01     0.222070927658480E+01
     0.850894929431962E+00     0.593222315148296E+01     0.221583398848754E+01
     0.850011107066760E+00     0.592354742960286E+01     0.221095739236483E+01
     0.849127115442672E+00     0.591486912564819E+01     0.220607950978210E+01
     0.848242952858890E+00     0.590618824888797E+01     0.220120036243308E+01
     0.847358617565701E+00     0.589750480835082E+01     0.219631997212250E+01
     0.846474107764523E+00     0.588881881281086E+01     0.219143836078150E+01
     0.845589421600411E+00     0.588013027072867E+01     0.218655555043290E+01
     0.844704557158914E+00     0.587143919021637E+01     0.218167156318762E+01
     0.843819512463744E+00     0.586274557900547E+01     0.217678642124848E+01
     0.842934285468304E+00     0.585404944437765E+01     0.217190014687380E+01
     0.842048874055194E+00     0.584535079313982E+01     0.216701276239774E+01
     0.841163276024908E+00     0.583664963153428E+01     0.216212429017900E+01
     0.840277489091805E+00     0.582794596518855E+01     0.215723475260198E+01
     0.839391510879319E+00     0.581923979905829E+01     0.215234417207589E+01
     0.838505338908109E+00     0.581053113732587E+01     0.214745257098881E+01
     0.837618970587761E+00     0.580181998331609E+01     0.214255997169001E+01
     0.836732403210571E+00     0.579310633942019E+01     0.213766639649098E+01
     0.835845633936293E+00     0.578439020696252E+01     0.213277186760961E+01
     0.834958659782301E+00     0.577567158609362E+01     0.212787640715724E+01
     0.834071477608807E+00     0.576695047564865E+01     0.212298003709844E+01
     0.833184084104709E+00     0.575822687300249E+01     0.211808277922281E+01
     0.832296475768650E+00     0.574950077388918E+01     0.211318465509271E+01
     0.831408648891148E+00     0.574077217221849E+01     0.210828568600851E+01
     0.830520599531561E+00     0.573204105985172E+01     0.210338589295039E+01
     0.829633821339046E+00     0.572332215433225E+01     0.209848867772850E+01
     0.828750620576685E+00     0.571463817728860E+01     0.209359929047251E+01
     0.827867240818301E+00     0.570595223132534E+01     0.208870928944947E+01
     0.826983679376395E+00     0.569726432118875E+01     0.208381869912519E+01
     0.826099933443167E+00     0.568857445066162E+01     0.207892754388366E+01
     0.825216000084076E+00     0.567988262249342E+01     0.207403584801806E+01
     0.824331876228395E+00     0.567118883830927E+01     0.206914363570468E+01
     0.823447558659716E+00     0.566249309851571E+01     0.206425093097988E+01
     0.822563044004884E+00     0.565379540219364E+01     0.205935775771000E+01
     0.821678328724943E+00     0.564509574700027E+01     0.205446413957928E+01
     0.820793409099657E+00     0.563639412902758E+01     0.204957010003861E+01
     0.819908281215462E+00     0.562769054267789E+01     0.204467566228289E+01
     0.819022940950857E+00     0.561898498051844E+01     0.203978084921679E+01
     0.818137383957304E+00     0.561027743310341E+01     0.203488568339640E+01
     0.817251605645588E+00     0.560156788882301E+01     0.202999018701550E+01
     0.816365601162941E+00     0.559285633368918E+01     0.202509438183709E+01
     0.815479365370234E+00     0.558414275111422E+01     0.202019828913490E+01
     0.814592892819444E+00     0.557542712168207E+01     0.201530192964726E+01
     0.813706177725790E+00     0.556670942287670E+01     0.201040532350669E+01
     0.812819213936745E+00     0.555798962878071E+01     0.200550849016216E+01
     0.811931994899136E+00     0.554926770974832E+01     0.200061144830382E+01
     0.811044513620195E+00     0.554054363202713E+01     0.199571421576470E+01
     0.810156762625395E+00     0.553181735734248E+01     0.199081680942133E+01
     0.809268733910482E+00     0.552308884242644E+01     0.198591924507875E+01
     0.808380418886404E+00     0.551435803848044E+01     0.198102153733519E+01
     0.807491808317950E+00     0.550562489057212E+01     0.197612369943629E+01
     0.806602892252961E+00     0.549688933694314E+01     0.197122574310337E+01
     0.805713659942996E+00     0.548815130822724E+01     0.196632767834809E+01
     0.804824099747772E+00     0.547941072652546E+01     0.196142951322989E+01
     0.803934199031917E+00     0.547066750438171E+01     0.195653125362378E+01
     0.803043944038209E+00     0.546192154355201E+01     0.195163290290348E+01
     0.802153319744685E+00     0.545317273359997E+01     0.194673446160530E+01
     0.801262309695191E+00     0.544442095023860E+01     0.194183592702075E+01
     0.800370895798408E+00     0.543566605336808E+01     0.193693729270849E+01
     0.799479058093658E+00     0.542690788477406E+01     0.193203854794398E+01
     0.798586774463625E+00     0.541814626533146E+01     0.192713967701185E+01
     0.797694020298086E+00     0.540938099169796E+01     0.192224065841838E+01
     0.796800768077737E+00     0.540061183225113E+01     0.191734146388133E+01
     0.795906986868601E+00     0.539183852213875E+01     0.191244205711995E+01
     0.795012641695621E+00     0.538306075715094E+01     0.190754239235015E+01
     0.794117692761288E+00     0.537427818607140E+01     0.190264241241350E+01
     0.793222094454571E+00     0.536549040098627E+01     0.189774204639138E+01
     0.792325794084367E+00     0.535669692488706E+01     0.189284120657022E+01
     0.791428730229068E+00     0.534789719552768E+01     0.188793978447235E+01
     0.790530830557980E+00     0.533909054410204E+01     0.188303764563201E+01
     0.789633792490263E+00     0.533029365645263E+01     0.187813888237311E+01
     0.788754729178852E+00     0.532167438959984E+01     0.187328440981431E+01
     0.787875628675088E+00     0.531305616105138E+01     0.186843125129350E+01
     0.786996492053499E+00     0.530443901962461E+01     0.186357944754156E+01
     0.786117320410890E+00     0.529582301447214E+01     0.185872903946057E+01
     0.785238114867607E+00     0.528720819508755E+01     0.185388006812790E+01
     0.784358876567873E+00     0.527859461130674E+01     0.184903257479401E+01
     0.783479606680337E+00     0.526998231331051E+01     0.184418660088165E+01
     0.782600306398613E+00     0.526137135162701E+01     0.183934218798490E+01
     0.781720976941587E+00     0.525276177713310E+01     0.183449937786649E+01
     0.780841619554437E+00     0.524415364105952E+01     0.182965821245991E+01
     0.779962235508618E+00     0.523554699499048E+01     0.182481873386445E+01
     0.779082826102953E+00     0.522694189086932E+01     0.181998098434750E+01
     0.778203392663739E+00     0.521833838099888E+01     0.181514500634021E+01
     0.777323936545827E+00     0.520973651804713E+01     0.181031084243957E+01
     0.776444459132897E+00     0.520113635504850E+01     0.180547853540493E+01
     0.775564961838250E+00     0.519253794540814E+01     0.180064812815795E+01
     0.774685446105575E+00     0.518394134290598E+01     0.179581966378222E+01
     0.773805913409319E+00     0.517534660169871E+01     0.179099318552007E+01
     0.772926365255834E+00     0.516675377632612E+01     0.178616873677458E+01
     0.772046803183753E+00     0.515816292171320E+01     0.178134636110615E+01
     0.771167228764809E+00     0.514957409317478E+01     0.177652610223203E+01
     0.770287643604753E+00     0.514098734642070E+01     0.177170800402628E+01
     0.769408049344183E+00     0.513240273756068E+01     0.176689211051907E+01
     0.768528447659044E+00     0.512382032310735E+01     0.176207846589360E+01
     0.767648840261991E+00     0.511524015998413E+01     0.175726711448863E+01
     0.766769228902794E+00     0.510666230552789E+01     0.175245810079443E+01
     0.765889615369578E+00     0.509808681749641E+01     0.174765146945429E+01
     0.765010001489593E+00     0.508951375407312E+01     0.174284726526244E+01
     0.764130389130425E+00     0.508094317387460E+01     0.173804553316512E+01
     0.763250780200694E+00     0.507237513595513E+01     0.173324631825762E+01
     0.762371176651331E+00     0.506380969981475E+01     0.172844966578536E+01
     0.761491580476645E+00     0.505524692540605E+01     0.172365562114320E+01
     0.760611993715405E+00     0.504668687314134E+01     0.171886422987460E+01
     0.759732418452061E+00     0.503812960390061E+01     0.171407553767165E+01
     0.758852856817871E+00     0.502957517903908E+01     0.170928959037406E+01
     0.757973310992265E+00     0.502102366039630E+01     0.170450643396972E+01
     0.757093783204034E+00     0.501247511030429E+01     0.169972611459364E+01
     0.756214275732866E+00     0.500392959159784E+01     0.169494867852907E+01
     0.755334790910600E+00     0.499538716762338E+01     0.169017417220644E+01
     0.754455331122784E+00     0.498684790224971E+01     0.168540264220409E+01
     0.753575898810105E+00     0.497831185987814E+01     0.168063413524777E+01
     0.752696496470089E+00     0.496977910545440E+01     0.167586869821170E+01
     0.751817126658579E+00     0.496124970447945E+01     0.167110637811786E+01
     0.750937791991678E+00     0.495272372302310E+01     0.166634722213793E+01
     0.750058495147451E+00     0.494420122773653E+01     0.166159127759341E+01
     0.749179238867637E+00     0.493568228586506E+01     0.165683859195531E+01
     0.748300025959729E+00     0.492716696526324E+01     0.165208921284604E+01
     0.747420859299045E+00     0.491865533441014E+01     0.164734318804066E+01
     0.746541741830755E+00     0.491014746242469E+01     0.164260056546759E+01
     0.745662676572292E+00     0.490164341908204E+01     0.163786139321207E+01
     0.744783666614972E+00     0.489314327483270E+01     0.163312571950997E+01
     0.743904715127289E+00     0.488464710081779E+01     0.162839359276017E+01
     0.743025825357006E+00     0.487615496889135E+01     0.162366506152046E+01
     0.742147000633872E+00     0.486766695163984E+01     0.161894017451105E+01
     0.741268244372365E+00     0.485918312240353E+01     0.161421898061672E+01
     0.740389560074393E+00     0.485070355529812E+01     0.160950152888824E+01
     0.739510951332788E+00     0.484222832524118E+01     0.160478786854827E+01
     0.738632421834049E+00     0.483375750797492E+01     0.160007804899156E+01
     0.737753975361879E+00     0.482529118009386E+01     0.159537211978972E+01
     0.736875615800775E+00     0.481682941907346E+01     0.159067013069551E+01
     0.735997347139598E+00     0.480837230329913E+01     0.158597213164612E+01
     0.735119173475478E+00     0.479991991209780E+01     0.158127817276778E+01
     0.734241099018015E+00     0.479147232577177E+01     0.157658830438137E+01
     0.733363128093451E+00     0.478302962563326E+01     0.157190257700673E+01
     0.732485265149451E+00     0.477459189404295E+01     0.156722104137001E+01
     0.731607514759679E+00     0.476615921444843E+01     0.156254374840837E+01
     0.730729881629036E+00     0.475773167142711E+01     0.155787074927780E+01
     0.729852370598986E+00     0.474930935073069E+01     0.155320209536025E+01
     0.728974986653397E+00     0.474089233933346E+01     0.154853783827253E+01
     0.728097734924244E+00     0.473248072548117E+01     0.154387802987290E+01
     0.727220620698417E+00     0.472407459874706E+01     0.153922272227317E+01
     0.726343649424397E+00     0.471567405008867E+01     0.153457196784804E+01
     0.725466826719334E+00     0.470727917190830E+01     0.152992581924527E+01
     0.724590158376956E+00     0.469889005811969E+01     0.152528432939908E+01
     0.723713650375702E+00     0.469050680421759E+01     0.152064755154272E+01
     0.722837308887544E+00     0.468212950735316E+01     0.151601553922319E+01
     0.721961140287054E+00     0.467375826641273E+01     0.151138834631467E+01
     0.721085151162031E+00     0.466539318210740E+01     0.150676602703945E+01
     0.720209348323608E+00     0.465703435706232E+01     0.150214863598209E+01
     0.719333738817967E+00     0.464868189591748E+01     0.149753622811065E+01
     0.718458329938950E+00     0.464033590543645E+01     0.149292885880009E+01
     0.717583129240781E+00     0.463199649461903E+01     0.148832658385204E+01
     0.716708144552947E+00     0.462366377482932E+01     0.148372945952416E+01
     0.715833383995420E+00     0.461533785992975E+01     0.147913754255677E+01
     0.714958855995145E+00     0.460701886642644E+01     0.147455089020205E+01
     0.714084569304427E+00     0.459870691362986E+01     0.146996956025960E+01
     0.713210533020375E+00     0.459040212382681E+01     0.146539361111204E+01
     0.712336756606378E+00     0.458210462246956E+01     0.146082310176633E+01
     0.711463249914968E+00     0.457381453837946E+01     0.145625809189581E+01
     0.710590023213649E+00     0.456553200397425E+01     0.145169864189208E+01
     0.709717087212077E+00     0.455725715551148E+01     0.144714481291531E+01
     0.708844453092838E+00     0.454899013336113E+01     0.144259666695623E+01
     0.707972132544790E+00     0.454073108230310E+01     0.143805426690149E+01
     0.707100137799731E+00     0.453248015185526E+01     0.143351767660586E+01
     0.706228481672974E+00     0.452423749663685E+01     0.142898696097284E+01
     0.705357177608816E+00     0.451600327677443E+01     0.142446218604790E+01
     0.704486239730291E+00     0.450777765834974E+01     0.141994341911762E+01
     0.703615682895139E+00     0.449956081390232E+01     0.141543072882402E+01
     0.702745522758266E+00     0.449135292299200E+01     0.141092418529222E+01
     0.701875775842267E+00     0.448315417283338E+01     0.140642386027675E+01
     0.701006459616390E+00     0.447496475900932E+01     0.140192982732399E+01
     0.700137592586211E+00     0.446678488628130E+01     0.139744216195860E+01
     0.699269194395833E+00     0.445861476951331E+01     0.139296094189765E+01
     0.698401285944569E+00     0.445045463472847E+01     0.138848624729587E+01
     0.697533889520880E+00     0.444230472032391E+01     0.138401816102749E+01
     0.696667028957552E+00     0.443416527847818E+01     0.137955676901592E+01
     0.695800729811711E+00     0.442603657678744E+01     0.137510216061592E+01
     0.694935019575832E+00     0.441791890018422E+01     0.137065442906425E+01
     0.694069927926701E+00     0.440981255320315E+01     0.136621367201396E+01
     0.693205487021048E+00     0.440171786267527E+01     0.136177999216953E+01
     0.692341731850770E+00     0.439363518096629E+01     0.135735349805498E+01
     0.691478700672557E+00     0.438556488989931E+01     0.135293430494293E+01
     0.690616435535167E+00     0.437750740556981E+01     0.134852253600245E+01
     0.689754982932654E+00     0.436946318431866E+01     0.134411832372203E+01
     0.688894394626526E+00     0.436143273025481E+01     0.133972181170764E+01
     0.688034728697067E+00     0.435341660488144E+01     0.133533315698928E+01
     0.687176050912433E+00     0.434541543964267E+01     0.133095253303229E+01
     0.686318436551260E+00     0.433742995263824E+01     0.132658013375804E+01
     0.685461972892121E+00     0.432946097146982E+01     0.132221617905125E+01
     0.684606762719957E+00     0.432150946544503E+01     0.131786092253670E+01
     0.683752929456585E+00     0.431357659272926E+01     0.131351466298929E+01
     0.682900625032964E+00     0.430566377274768E+01     0.130917776188577E+01
     0.682050042740620E+00     0.429777280446182E+01     0.130485067213216E+01
     0.681201440050794E+00     0.428990607652496E+01     0.130053398920351E+01
     0.680355184379128E+00     0.428206698906643E+01     0.129622855395224E+01
     0.679511864885748E+00     0.427426098477506E+01     0.129193570443651E+01
     0.678672704024900E+00     0.426649934744101E+01     0.128765820549242E+01
     0.677841382359400E+00     0.425881604450498E+01     0.128340437035065E+01
     0.677011457060535E+00     0.425115148085806E+01     0.127915953623654E+01
     0.676180920730726E+00     0.424348713746875E+01     0.127491917954062E+01
     0.675349765981098E+00     0.423582298594130E+01     0.127068332118924E+01
     0.674517985220501E+00     0.422815899620130E+01     0.126645198178552E+01
     0.673685570646353E+00     0.422049513641819E+01     0.126222518159426E+01
     0.672852514234815E+00     0.421283137292252E+01     0.125800294052532E+01
     0.672018807730508E+00     0.420516767011871E+01     0.125378527811701E+01
     0.671184442634997E+00     0.419750399038942E+01     0.124957221351484E+01
     0.670349410195152E+00     0.418984029399679E+01     0.124536376545287E+01
     0.669513701390640E+00     0.418217653897663E+01     0.124115995223318E+01
     0.668677306920191E+00     0.417451268102361E+01     0.123696079170159E+01
     0.667840217187265E+00     0.416684867337029E+01     0.123276630122389E+01
     0.667002422284569E+00     0.415918446665702E+01     0.122857649765941E+01
     0.666163911977708E+00     0.415152000879364E+01     0.122439139733419E+01
     0.665324675687033E+00     0.414385524480811E+01     0.122021101600833E+01
     0.664484702469307E+00     0.413619011668990E+01     0.121603536884807E+01
     0.663643980996568E+00     0.412852456321431E+01     0.121186447038685E+01
     0.662802499534605E+00     0.412085851975970E+01     0.120769833449090E+01
     0.661960245919287E+00     0.411319191810804E+01     0.120353697431926E+01
     0.661117207530555E+00     0.410552468622736E+01     0.119938040227751E+01
     0.660273371265350E+00     0.409785674804193E+01     0.119522862997427E+01
     0.659428723507478E+00     0.409018802317916E+01     0.119108166816864E+01
     0.658583250095297E+00     0.408251842669727E+01     0.118693952671536E+01
     0.657736936286718E+00     0.407484786878978E+01     0.118280221450561E+01
     0.656889766721052E+00     0.406717625446402E+01     0.117866973940176E+01
     0.656041725377241E+00     0.405950348318970E+01     0.117454210816484E+01
     0.655192795528956E+00     0.405182944851892E+01     0.117041932637919E+01
     0.654342959695931E+00     0.404415403767170E+01     0.116630139837280E+01
     0.653492199587861E+00     0.403647713107156E+01     0.116218832711138E+01
     0.652640496046942E+00     0.402879860185250E+01     0.115808011410807E+01
     0.651787828981961E+00     0.402111831530527E+01     0.115397675930635E+01
     0.650934177296497E+00     0.401343612827144E+01     0.114987826095566E+01
     0.650079518811677E+00     0.400575188848235E+01     0.114578461548624E+01
     0.649223830174875E+00     0.399806543380442E+01     0.114169581733330E+01
     0.648367086767213E+00     0.399037659143700E+01     0.113761185879679E+01
     0.647509262592408E+00     0.398268517698747E+01     0.113353272983218E+01
     0.646650330159792E+00     0.397499099346811E+01     0.112945841786013E+01
     0.645790260348318E+00     0.396729383015378E+01     0.112538890751987E+01
     0.644929022257135E+00     0.395959346131327E+01     0.112132418041082E+01
     0.644066583037382E+00     0.395188964478238E+01     0.111726421479958E+01
     0.643202907701610E+00     0.394418212035100E+01     0.111320898528280E+01
     0.642337958910226E+00     0.393647060794608E+01     0.110915846241754E+01
     0.641471696725680E+00     0.392875480555510E+01     0.110511261227933E+01
     0.640604078336866E+00     0.392103438687699E+01     0.110107139598532E+01
     0.639735057739195E+00     0.391330899861561E+01     0.109703476911854E+01
     0.638864585371459E+00     0.390557825738728E+01     0.109300268109191E+01
     0.637992607694810E+00     0.389784174614269E+01     0.108897507440041E+01
     0.637119066703957E+00     0.389009901001517E+01     0.108495188374771E+01
     0.636243899357016E+00     0.388234955147765E+01     0.108093303502333E+01
     0.635367036911216E+00     0.387459282468121E+01     0.107691844412432E+01
     0.634488404138738E+00     0.386682822877497E+01     0.107290801555617E+01
     0.633607918390849E+00     0.385905509995593E+01     0.106890164073495E+01
     0.632725488488484E+00     0.385127270200399E+01     0.106489919600571E+01
     0.631841013382068E+00     0.384348021486715E+01     0.106090054022108E+01
     0.630954380527267E+00     0.383567672081536E+01     0.105690551180627E+01
     0.630065463898632E+00     0.382786118749622E+01     0.105291392516737E+01
     0.629174121532691E+00     0.382003244697836E+01     0.104892556622915E+01
     0.628305462359771E+00     0.381241078925719E+01     0.104499073868713E+01
     0.627475374264026E+00     0.380513497171145E+01     0.104114063897585E+01
     0.626644846366233E+00     0.379786261220359E+01     0.103729697246755E+01
     0.625813876002056E+00     0.379059371651003E+01     0.103345976141832E+01
     0.624982460480206E+00     0.378332829012786E+01     0.102962902796877E+01
     0.624150597081810E+00     0.377606633827018E+01     0.102580479414213E+01
     0.623318283060174E+00     0.376880786586339E+01     0.102198708184473E+01
     0.622485515640042E+00     0.376155287754186E+01     0.101817591286359E+01
     0.621652292017378E+00     0.375430137764537E+01     0.101437130886709E+01
     0.620818609358391E+00     0.374705337021254E+01     0.101057329140150E+01
     0.619984464799602E+00     0.373980885897968E+01     0.100678188189331E+01
     0.619149855446628E+00     0.373256784737298E+01     0.100299710164456E+01
     0.618314778374297E+00     0.372533033850752E+01     0.999218971835700E+00
     0.617479230625459E+00     0.371809633517962E+01     0.995447513521144E+00
     0.616643209210735E+00     0.371086583986393E+01     0.991682747630246E+00
     0.615806711107910E+00     0.370363885470871E+01     0.987924694966343E+00
     0.614969733261139E+00     0.369641538153012E+01     0.984173376204848E+00
     0.614132272580366E+00     0.368919542180755E+01     0.980428811892619E+00
     0.613294325940677E+00     0.368197897667864E+01     0.976691022447063E+00
     0.612455890181755E+00     0.367476604693481E+01     0.972960028155927E+00
     0.611616962106779E+00     0.366755663301382E+01     0.969235849174058E+00
     0.610777538482267E+00     0.366035073499726E+01     0.965518505525553E+00
     0.609937616036777E+00     0.365314835260209E+01     0.961808017099685E+00
     0.609097191460517E+00     0.364594948517687E+01     0.958104403651937E+00
     0.608256261404364E+00     0.363875413169483E+01     0.954407684801933E+00
     0.607414822479306E+00     0.363156229074917E+01     0.950717880033809E+00
     0.606572871255153E+00     0.362437396054461E+01     0.947035008692660E+00
     0.605730404260144E+00     0.361718913889335E+01     0.943359089986092E+00
     0.604887417979883E+00     0.361000782320774E+01     0.939690142982186E+00
     0.604043908856337E+00     0.360283001049309E+01     0.936028186607960E+00
     0.603199873287021E+00     0.359565569734148E+01     0.932373239648986E+00
     0.602355307624029E+00     0.358848487992470E+01     0.928725320748319E+00
     0.601510208172904E+00     0.358131755398639E+01     0.925084448404721E+00
     0.600664571191861E+00     0.357415371483583E+01     0.921450640972937E+00
     0.599818392890411E+00     0.356699335733876E+01     0.917823916660915E+00
     0.598971669428525E+00     0.355983647591076E+01     0.914204293530072E+00
     0.598124396915415E+00     0.355268306450878E+01     0.910591789493735E+00
     0.597276571408353E+00     0.354553311662271E+01     0.906986422315927E+00
     0.596428188911552E+00     0.353838662526721E+01     0.903388209610675E+00
     0.595579245374691E+00     0.353124358297178E+01     0.899797168839628E+00
     0.594729736691878E+00     0.352410398177281E+01     0.896213317312210E+00
     0.593879658700395E+00     0.351696781320464E+01     0.892636672184836E+00
     0.593029007178989E+00     0.350983506828817E+01     0.889067250457897E+00
     0.592177777846722E+00     0.350270573752220E+01     0.885505068975980E+00
     0.591325966361372E+00     0.349557981087251E+01     0.881950144425941E+00
     0.590473568318078E+00     0.348845727776199E+01     0.878402493336479E+00
     0.589620579247611E+00     0.348133812705891E+01     0.874862132076040E+00
     0.588766994614829E+00     0.347422234706595E+01     0.871329076851941E+00
     0.587912809816971E+00     0.346710992550836E+01     0.867803343708901E+00
     0.587058020181920E+00     0.346000084952186E+01     0.864284948527720E+00
     0.586202620966403E+00     0.345289510564014E+01     0.860773907023947E+00
     0.585346607354272E+00     0.344579267978264E+01     0.857270234747259E+00
     0.584489974454144E+00     0.343869355723900E+01     0.853773947077776E+00
     0.583632717297997E+00     0.343159772265821E+01     0.850285059227829E+00
     0.582774830838633E+00     0.342450516003193E+01     0.846803586238055E+00
     0.581916309947507E+00     0.341741585267955E+01     0.843329542975807E+00
     0.581057149412842E+00     0.341032978323448E+01     0.839862944135490E+00
     0.580197343936978E+00     0.340324693362655E+01     0.836403804235244E+00
     0.579336888134228E+00     0.339616728506669E+01     0.832952137616736E+00
     0.578475776527975E+00     0.338909081802780E+01     0.829507958441455E+00
     0.577614003548393E+00     0.338201751222839E+01     0.826071280690657E+00
     0.576751563529690E+00     0.337494734661378E+01     0.822642118163402E+00
     0.575888450707150E+00     0.336788029933610E+01     0.819220484473977E+00
     0.575024659214286E+00     0.336081634773457E+01     0.815806393050504E+00
     0.574160183079726E+00     0.335375546831435E+01     0.812399857132662E+00
     0.573295016224207E+00     0.334669763672557E+01     0.809000889770584E+00
     0.572429152456779E+00     0.333964282773836E+01     0.805609503820335E+00
     0.571562585472065E+00     0.333259101522269E+01     0.802225711945374E+00
     0.570695308846086E+00     0.332554217212098E+01     0.798849526611447E+00
     0.569827316032504E+00     0.331849627042248E+01     0.795480960084227E+00
     0.568958600359195E+00     0.331145328113886E+01     0.792120024429452E+00
     0.568089155023577E+00     0.330441317427353E+01     0.788766731507499E+00
     0.567218973088705E+00     0.329737591879420E+01     0.785421092972628E+00
     0.566348047478456E+00     0.329034148260084E+01     0.782083120268573E+00
     0.565476370973344E+00     0.328330983249609E+01     0.778752824628134E+00
     0.564603936205087E+00     0.327628093414938E+01     0.775430217067504E+00
     0.563730735651903E+00     0.326925475206408E+01     0.772115308385240E+00
     0.562856761632942E+00     0.326223124953997E+01     0.768808109158000E+00
     0.561982006302536E+00     0.325521038863433E+01     0.765508629736440E+00
     0.561106461644708E+00     0.324819213012387E+01     0.762216880243656E+00
     0.560230119466712E+00     0.324117643346123E+01     0.758932870569994E+00
     0.559352971392664E+00     0.323416325673151E+01     0.755656610369692E+00
     0.558475008856593E+00     0.322715255660519E+01     0.752388109055986E+00
     0.557596223095466E+00     0.322014428829041E+01     0.749127375797645E+00
     0.556716605141806E+00     0.321313840548241E+01     0.745874419514996E+00
     0.555836145815360E+00     0.320613486030778E+01     0.742629248872988E+00
     0.554954835715280E+00     0.319913360327020E+01     0.739391872278521E+00
     0.554072665211165E+00     0.319213458318992E+01     0.736162297874044E+00
     0.553189624433909E+00     0.318513774714139E+01     0.732940533532262E+00
     0.552305703265834E+00     0.317814304038630E+01     0.729726586849379E+00
     0.551420891330730E+00     0.317115040630528E+01     0.726520465140216E+00
     0.550535177982913E+00     0.316415978632360E+01     0.723322175430921E+00
     0.549648552295938E+00     0.315717111983404E+01     0.720131724452543E+00
     0.548761003050297E+00     0.315018434411352E+01     0.716949118632457E+00
     0.547872518720901E+00     0.314319939423733E+01     0.713774364087624E+00
     0.546983087462953E+00     0.313621620298385E+01     0.710607466613107E+00
     0.546092697099730E+00     0.312923470074784E+01     0.707448431683711E+00
     0.545201335104599E+00     0.312225481542228E+01     0.704297264430208E+00
     0.544308988586654E+00     0.311527647229769E+01     0.701153969638043E+00
     0.543415644273131E+00     0.310829959394287E+01     0.698018551734054E+00
     0.542521288491687E+00     0.310132410008313E+01     0.694891014777096E+00
     0.541625907150593E+00     0.309434990746602E+01     0.691771362443398E+00
     0.540729485718588E+00     0.308737692972285E+01     0.688659598015462E+00
     0.539832009202855E+00     0.308040507721849E+01     0.685555724367454E+00
     0.538933462125621E+00     0.307343425689149E+01     0.682459743950024E+00
     0.538033828499465E+00     0.306646437208475E+01     0.679371658775389E+00
     0.537133091800535E+00     0.305949532236258E+01     0.676291470399409E+00
     0.536231234940062E+00     0.305252700331582E+01     0.673219179903170E+00
     0.535328240234163E+00     0.304555930635439E+01     0.670154787874508E+00
     0.534424089370755E+00     0.303859211848156E+01     0.667098294384847E+00
     0.533518763374734E+00     0.303162532205478E+01     0.664049698967381E+00
     0.532612242570540E+00     0.302465879452860E+01     0.661009000593420E+00
     0.531704506541583E+00     0.301769240817671E+01     0.657976197645504E+00
     0.530795534085472E+00     0.301072602978645E+01     0.654951287882867E+00
     0.529885303168828E+00     0.300375952034563E+01     0.651934268419210E+00
     0.528973790875479E+00     0.299679273468835E+01     0.648925135683797E+00
     0.528060973351505E+00     0.298982552111777E+01     0.645923885384553E+00
     0.527146825745895E+00     0.298285772099785E+01     0.642930512468470E+00
     0.526231322146176E+00     0.297588916831061E+01     0.639945011078424E+00
     0.525314435508720E+00     0.296891968917626E+01     0.636967374507127E+00
     0.524396137581378E+00     0.296194910132276E+01     0.633997595139296E+00
     0.523476398822376E+00     0.295497721352442E+01     0.631035664403524E+00
     0.522555188306719E+00     0.294800382496238E+01     0.628081572695404E+00
     0.521632473631310E+00     0.294102872456378E+01     0.625135309328224E+00
     0.520708220803706E+00     0.293405169023982E+01     0.622196862444130E+00
     0.519782394123529E+00     0.292707248806726E+01     0.619266218932676E+00
     0.518854956051784E+00     0.292009087138659E+01     0.616343364339513E+00
     0.517925867067142E+00     0.291310657980927E+01     0.613428282766447E+00
     0.516995085506609E+00     0.290611933811775E+01     0.610520956757674E+00
     0.516062567388281E+00     0.289912885504307E+01     0.607621367169249E+00
     0.515128266217680E+00     0.289213482192291E+01     0.604729493036976E+00
     0.514192132769115E+00     0.288513691119233E+01     0.601845311414198E+00
     0.513254114843262E+00     0.287813477470694E+01     0.598968797196280E+00
     0.512314156996712E+00     0.287112804186992E+01     0.596099922926158E+00
     0.511372200237531E+00     0.286411631752529E+01     0.593238658570180E+00
     0.510428181683783E+00     0.285709917959179E+01     0.590384971269092E+00
     0.509482034176653E+00     0.285007617638381E+01     0.587538825048921E+00
     0.508533685844639E+00     0.284304682358820E+01     0.584700180502194E+00
     0.507583059606221E+00     0.283601060081624E+01     0.581868994414606E+00
     0.506630072603775E+00     0.282896694767530E+01     0.579045219342805E+00
     0.505674635554526E+00     0.282191525926377E+01     0.576228803125455E+00
     0.504716652004867E+00     0.281485488099156E+01     0.573419688322213E+00
     0.503756017467781E+00     0.280778510258727E+01     0.570617811558347E+00
     0.502792618419335E+00     0.280070515112715E+01     0.567823102752430E+00
     0.501826331134980E+00     0.279361418293297E+01     0.565035484243278E+00
     0.500857020311764E+00     0.278651127399741E+01     0.562254869710102E+00
     0.499884537451032E+00     0.277939540872188E+01     0.559481162933138E+00
     0.498985425962163E+00     0.277282566104797E+01     0.556794406239775E+00
     0.498102058566650E+00     0.276637978405195E+01     0.554132989079588E+00
     0.497218000878934E+00     0.275993762312224E+01     0.551479603560724E+00
     0.496333248125733E+00     0.275349914959267E+01     0.548834248432198E+00
     0.495447795459841E+00     0.274706433421394E+01     0.546196922289606E+00
     0.494561637957567E+00     0.274063314713948E+01     0.543567623573764E+00
     0.493674770616768E+00     0.273420555791317E+01     0.540946350572222E+00
     0.492787188354081E+00     0.272778153545370E+01     0.538333101417804E+00
     0.491898886002627E+00     0.272136104804053E+01     0.535727874089521E+00
     0.491009858309127E+00     0.271494406329736E+01     0.533130666411474E+00
     0.490120099931662E+00     0.270853054817791E+01     0.530541476054930E+00
     0.489229605436175E+00     0.270212046894639E+01     0.527960300535574E+00
     0.488338369293884E+00     0.269571379116145E+01     0.525387137215126E+00
     0.487446385878080E+00     0.268931047965729E+01     0.522821983300887E+00
     0.486553649460873E+00     0.268291049852434E+01     0.520264835845626E+00
     0.485660154209713E+00     0.267651381108876E+01     0.517715691747151E+00
     0.484765894183833E+00     0.267012037989125E+01     0.515174547748161E+00
     0.483870863330557E+00     0.266373016666497E+01     0.512641400436152E+00
     0.482975055481565E+00     0.265734313231308E+01     0.510116246243887E+00
     0.482078464348328E+00     0.265095923688237E+01     0.507599081447125E+00
     0.481181083518551E+00     0.264457843954069E+01     0.505089902167262E+00
     0.480282906450947E+00     0.263820069854723E+01     0.502588704367923E+00
     0.479383926471080E+00     0.263182597122662E+01     0.500095483856773E+00
     0.478484136766308E+00     0.262545421393898E+01     0.497610236284506E+00
     0.477583530380483E+00     0.261908538204847E+01     0.495132957143844E+00
     0.476682100208617E+00     0.261271942989126E+01     0.492663641769324E+00
     0.475779838991370E+00     0.260635631074210E+01     0.490202285337421E+00
     0.474876739308919E+00     0.259999597677794E+01     0.487748882865256E+00
     0.473972793574575E+00     0.259363837903987E+01     0.485303429209494E+00
     0.473067994028481E+00     0.258728346739471E+01     0.482865919066731E+00
     0.472162332730496E+00     0.258093119049264E+01     0.480436346971944E+00
     0.471255801552990E+00     0.257458149572373E+01     0.478014707297976E+00
     0.470348392173117E+00     0.256823432917161E+01     0.475600994254331E+00
     0.469440096064706E+00     0.256188963556471E+01     0.473195201886079E+00
     0.468530904489921E+00     0.255554735822572E+01     0.470797324073376E+00
     0.467620808490146E+00     0.254920743901695E+01     0.468407354529714E+00
     0.466709798876451E+00     0.254286981828308E+01     0.466025286800342E+00
     0.465797866219762E+00     0.253653443479152E+01     0.463651114261449E+00
     0.464885000840271E+00     0.253020122566862E+01     0.461284830118446E+00
     0.463971192796476E+00     0.252387012633185E+01     0.458926427404712E+00
     0.463056431872816E+00     0.251754107042178E+01     0.456575898978578E+00
     0.462140707568000E+00     0.251121398972189E+01     0.454233237522810E+00
     0.461224009081374E+00     0.250488881408251E+01     0.451898435541735E+00
     0.460306325299135E+00     0.249856547133589E+01     0.449571485359349E+00
     0.459387644779535E+00     0.249224388720676E+01     0.447252379116726E+00
     0.458467955737143E+00     0.248592398521735E+01     0.444941108769089E+00
     0.457547246026468E+00     0.247960568658788E+01     0.442637666083758E+00
     0.456625503124139E+00     0.247328891012912E+01     0.440342042636302E+00
     0.455702714110540E+00     0.246697357213054E+01     0.438054229808460E+00
     0.454778865649520E+00     0.246065958623845E+01     0.435774218782955E+00
     0.453853943967971E+00     0.245434686333150E+01     0.433502000542927E+00
     0.452927934831857E+00     0.244803531137529E+01     0.431237565858443E+00
     0.452000823524961E+00     0.244172483529503E+01     0.428980905299200E+00
     0.451072594821055E+00     0.243541533680496E+01     0.426732009213389E+00
     0.450143232957998E+00     0.242910671425247E+01     0.424490867730662E+00
     0.449212721608607E+00     0.242279886244135E+01     0.422257470754874E+00
     0.448281043849873E+00     0.241649167244524E+01     0.420031807958151E+00
     0.447348182130358E+00     0.241018503140938E+01     0.417813868775384E+00
     0.446414118234780E+00     0.240387882233677E+01     0.415603642396113E+00
     0.445478833246813E+00     0.239757292386204E+01     0.413401117758109E+00
     0.444542307509074E+00     0.239126721000883E+01     0.411206283539502E+00
     0.443604520580048E+00     0.238496154992933E+01     0.409019128149316E+00
     0.442665451188791E+00     0.237865580762861E+01     0.406839639720059E+00
     0.441725077185474E+00     0.237234984166600E+01     0.404667806096273E+00
     0.440783375489324E+00     0.236604350483880E+01     0.402503614825357E+00
     0.439840322032335E+00     0.235973664384167E+01     0.400347053145755E+00
     0.438895891699208E+00     0.235342909890292E+01     0.398198107975062E+00
     0.437950058262994E+00     0.234712070339490E+01     0.396056765897107E+00
     0.437002794316189E+00     0.234081128341728E+01     0.393923013148145E+00
     0.436054071197380E+00     0.233450065735266E+01     0.391796835603487E+00
     0.435103858912086E+00     0.232818863538911E+01     0.389678218760784E+00
     0.434152126048664E+00     0.232187501901221E+01     0.387567147724045E+00
     0.433198839688676E+00     0.231555960046406E+01     0.385463607187105E+00
     0.432243965311129E+00     0.230924216216666E+01     0.383367581415297E+00
     0.431287466691203E+00     0.230292247611205E+01     0.381279054227945E+00
     0.430329305792484E+00     0.229660030321586E+01     0.379198008978492E+00
     0.429369442653855E+00     0.229027539263943E+01     0.377124428535846E+00
     0.428407835271456E+00     0.228394748108359E+01     0.375058295267261E+00
     0.427444439475313E+00     0.227761629205552E+01     0.372999591019043E+00
     0.426479208804111E+00     0.227128153512558E+01     0.370948297103105E+00
     0.425512094378306E+00     0.226494290518158E+01     0.368904394283746E+00
     0.424543044776925E+00     0.225860008170854E+01     0.366867862773273E+00
     0.423572005919901E+00     0.225225272812273E+01     0.364838682227152E+00
     0.422598920969896E+00     0.224590049121413E+01     0.362816831766586E+00
     0.421623730256462E+00     0.223954300076226E+01     0.360802290002443E+00
     0.420646371245951E+00     0.223317986943985E+01     0.358795035094025E+00
     0.419666778578447E+00     0.222681069315618E+01     0.356795044841779E+00
     0.418684884209607E+00     0.222043505207871E+01     0.354802296834270E+00
     0.417700617713585E+00     0.221405251269077E+01     0.352816768675372E+00
     0.416713906833310E+00     0.220766263143538E+01     0.350838438330066E+00
     0.415724678413988E+00     0.220126496080934E+01     0.348867284650102E+00
     0.414732859938683E+00     0.219485905929915E+01     0.346903288177531E+00
     0.413738382029397E+00     0.218844450746766E+01     0.344946432388618E+00
     0.412741182540186E+00     0.218202093417249E+01     0.342996705657087E+00
     0.411741213376292E+00     0.217558806011787E+01     0.341054104442975E+00
     0.410738452220253E+00     0.216914577260508E+01     0.339118638677926E+00
     0.409732923722900E+00     0.216269426041132E+01     0.337190341407978E+00
     0.408724740775175E+00     0.215623427630233E+01     0.335269287464505E+00
     0.407714195018708E+00     0.214976771254685E+01     0.333355634412584E+00
     0.406702001167784E+00     0.214329915470364E+01     0.331449733615866E+00
     0.405690380677070E+00     0.213684277833256E+01     0.329552628209835E+00
     0.404684657882675E+00     0.213043246558008E+01     0.327666749101213E+00
     0.403669487884457E+00     0.212397041777444E+01     0.325784895496625E+00
     0.402642555387771E+00     0.211744209146783E+01     0.323906154146272E+00
     0.401603010812793E+00     0.211084231642056E+01     0.322030322714696E+00
     0.400549880761902E+00     0.210416516300813E+01     0.320157163110638E+00
     0.399482040411068E+00     0.209740377243998E+01     0.318286393012445E+00
     0.398398177376885E+00     0.209055013452114E+01     0.316417674666902E+00
     0.397296743616607E+00     0.208359479168075E+01     0.314550599896605E+00
     0.396175890088611E+00     0.207652643684153E+01     0.312684669545546E+00
     0.395033375975879E+00     0.206933135451173E+01     0.310819264756540E+00
     0.393866439138522E+00     0.206199262298165E+01     0.308953605629772E+00
     0.392671605396429E+00     0.205448893942092E+01     0.307086689942987E+00
     0.391444397046400E+00     0.204679282365958E+01     0.305217198819414E+00
     0.390178866577212E+00     0.203886774394022E+01     0.303343344700673E+00
     0.389244458779330E+00     0.203302382156841E+01     0.301611446258588E+00
     0.388430805179877E+00     0.202794117780487E+01     0.299933609751047E+00
     0.387613488795864E+00     0.202284137930836E+01     0.298260047607564E+00
     0.386792429878454E+00     0.201772397662073E+01     0.296590763878365E+00
     0.385967545351930E+00     0.201258850126352E+01     0.294925762478931E+00
     0.385138748601483E+00     0.200743446451716E+01     0.293265047170819E+00
     0.384296854088762E+00     0.200220488909476E+01     0.291605211999502E+00
     0.383401279166595E+00     0.199664823459953E+01     0.289931445683422E+00
     0.382501708777643E+00     0.199107328608408E+01     0.288262676941778E+00
     0.381597698588795E+00     0.198547734431040E+01     0.286598781305703E+00
     0.380688835379368E+00     0.197985791319281E+01     0.284939653235076E+00
     0.379774722471520E+00     0.197421260885920E+01     0.283285200235504E+00
     0.378854968854008E+00     0.196853909200072E+01     0.281635338649699E+00
     0.377929180500349E+00     0.196283501419429E+01     0.279989990494620E+00
     0.376996952941465E+00     0.195709797228288E+01     0.278349080958699E+00
     0.376057864457500E+00     0.195132546686421E+01     0.276712536297980E+00
     0.375111469428223E+00     0.194551486201970E+01     0.275080281972005E+00
     0.374157291454352E+00     0.193966334391364E+01     0.273452240866558E+00
     0.373194815907637E+00     0.193376787616579E+01     0.271828331519312E+00
     0.372223481543812E+00     0.192782514979695E+01     0.270208466232016E+00
     0.371242670776498E+00     0.192183152533091E+01     0.268592548983918E+00
     0.370251698108228E+00     0.191578296405794E+01     0.266980473006608E+00
     0.369249796095693E+00     0.190967494473618E+01     0.265372117912011E+00
     0.368236098002866E+00     0.190350236071213E+01     0.263767346175778E+00
     0.367464892098483E+00     0.189881151712648E+01     0.262244384716869E+00
     0.366742918832055E+00     0.189442470232073E+01     0.260741218088964E+00
     0.366018432213633E+00     0.189002706022517E+01     0.259241718033077E+00
     0.365291392343702E+00     0.188561837517392E+01     0.257745890063967E+00
     0.364561758189351E+00     0.188119842532881E+01     0.256253739772903E+00
     0.363829487535721E+00     0.187676698241201E+01     0.254765272829495E+00
     0.363094536933943E+00     0.187232381142044E+01     0.253280494981693E+00
     0.362356861646501E+00     0.186786867032472E+01     0.251799412057336E+00
     0.361616415588783E+00     0.186340130974810E+01     0.250322029964270E+00
     0.360873151267352E+00     0.185892147262637E+01     0.248848354691438E+00
     0.360127019714110E+00     0.185442889384547E+01     0.247378392309305E+00
     0.359377970416246E+00     0.184992329985569E+01     0.245912148970280E+00
     0.358625951241567E+00     0.184540440826023E+01     0.244449630909004E+00
     0.357870908358934E+00     0.184087192737643E+01     0.242990844442776E+00
     0.357112786153063E+00     0.183632555576606E+01     0.241535795971317E+00
     0.356351527133633E+00     0.183176498173349E+01     0.240084491977041E+00
     0.355587071837531E+00     0.182718988278651E+01     0.238636939024047E+00
     0.354819358724461E+00     0.182259992505921E+01     0.237193143758242E+00
     0.354048324064259E+00     0.181799476268981E+01     0.235753112905758E+00
     0.353273901815929E+00     0.181337403715168E+01     0.234316853271932E+00
     0.352496023497154E+00     0.180873737653137E+01     0.232884371739733E+00
     0.351714618043151E+00     0.180408439474775E+01     0.231455675267254E+00
     0.350929611654109E+00     0.179941469070685E+01     0.230030770885266E+00
     0.350140927629474E+00     0.179472784738378E+01     0.228609665693550E+00
     0.349348486188533E+00     0.179002343081174E+01     0.227192366857795E+00
     0.348552204271671E+00     0.178530098903874E+01     0.225778881600623E+00
     0.347751995329118E+00     0.178056005087157E+01     0.224369217200652E+00
     0.346947769083696E+00     0.177580012460957E+01     0.222963380981740E+00
     0.346139431272636E+00     0.177102069659671E+01     0.221561380304626E+00
     0.345326883362095E+00     0.176622122963317E+01     0.220163222555680E+00
     0.344510022231124E+00     0.176140116121513E+01     0.218768915133786E+00
     0.343688739820421E+00     0.175655990157635E+01     0.217378465434938E+00
     0.342862922739298E+00     0.175169683149632E+01     0.215991880831739E+00
     0.342032451825487E+00     0.174681129984092E+01     0.214609168651271E+00
     0.341197201647709E+00     0.174190262078196E+01     0.213230336146344E+00
     0.340357039941087E+00     0.173697007063811E+01     0.211855390460896E+00
     0.339511826962016E+00     0.173201288426340E+01     0.210484338587933E+00
     0.338661414745149E+00     0.172703025092877E+01     0.209117187317650E+00
     0.337805646243724E+00     0.172202130917626E+01     0.207753943173801E+00
     0.336944354314312E+00     0.171698514182333E+01     0.206394612331618E+00
     0.336092911427254E+00     0.171201157569516E+01     0.205042415245436E+00
     0.335247882514106E+00     0.170708043729796E+01     0.203696507551702E+00
     0.334397262544905E+00     0.170212163789680E+01     0.202354400570487E+00
     0.333540860672919E+00     0.169713412831741E+01     0.201016098870465E+00
     0.332678473525336E+00     0.169211678998003E+01     0.199681606681730E+00
     0.331809883972486E+00     0.168706842805606E+01     0.198350927833334E+00
     0.330934859735330E+00     0.168198776372301E+01     0.197024065680932E+00
     0.330053151804202E+00     0.167687342536928E+01     0.195701023023493E+00
     0.329164492635791E+00     0.167172393855829E+01     0.194381801999298E+00
     0.328268594090559E+00     0.166653771455543E+01     0.193066403975486E+00
     0.327365145061486E+00     0.166131303712571E+01     0.191754829407403E+00
     0.326453808736290E+00     0.165604804729285E+01     0.190447077676307E+00
     0.325534219421441E+00     0.165074072565387E+01     0.189143146896499E+00
     0.324605978837901E+00     0.164538887174888E+01     0.187843033683822E+00
     0.323668651777422E+00     0.163999007986464E+01     0.186546732878340E+00
     0.322721760978709E+00     0.163454171048606E+01     0.185254237210477E+00
     0.321764781043414E+00     0.162904085639306E+01     0.183965536894139E+00
     0.320797131162887E+00     0.162348430212187E+01     0.182680619130316E+00
     0.319818166357706E+00     0.161786847512714E+01     0.181399467497240E+00
     0.318827166838068E+00     0.161218938645897E+01     0.180122061191981E+00
     0.317823324968287E+00     0.160644255806571E+01     0.178848374084236E+00
     0.316805729137515E+00     0.160062293282771E+01     0.177578373520505E+00
     0.315773343587730E+00     0.159472476201986E+01     0.176312018799578E+00
     0.314724982883129E+00     0.158874146285385E+01     0.175049259204504E+00
     0.313659279168253E+00     0.158266543574741E+01     0.173790031431866E+00
     0.312574639550122E+00     0.157648782643419E+01     0.172534256181203E+00
     0.311469189693608E+00     0.157019821105769E+01     0.171281833559145E+00
     0.310340697739829E+00     0.156378417133317E+01     0.170032636767079E+00
     0.309186469430551E+00     0.155723070881652E+01     0.168786503245845E+00
     0.308003199855346E+00     0.155051941676218E+01     0.167543221936334E+00
     0.306786757607247E+00     0.154362727419463E+01     0.166302514412215E+00
     0.305531859307054E+00     0.153652482713800E+01     0.165064005944734E+00
     0.304231557519045E+00     0.152917332654944E+01     0.163827179214048E+00
     0.302876391599472E+00     0.152151998150770E+01     0.162591296270987E+00
     0.301452882298787E+00     0.151348954240617E+01     0.161355257916123E+00
     0.299940616840955E+00     0.150496800039407E+01     0.160117326950584E+00
     0.298736412932590E+00     0.149818928368754E+01     0.158926103970319E+00
     0.298073238016486E+00     0.149445983344952E+01     0.157804976565462E+00
     0.297408613040092E+00     0.149072537298433E+01     0.156686816496922E+00
     0.296742525891402E+00     0.148698584346437E+01     0.155571626468704E+00
     0.296074964300492E+00     0.148324118531858E+01     0.154459409225715E+00
     0.295405915836077E+00     0.147949133821677E+01     0.153350167553362E+00
     0.294735367902580E+00     0.147573624105537E+01     0.152243904278494E+00
     0.294063307737075E+00     0.147197583194264E+01     0.151140622270239E+00
     0.293389722405644E+00     0.146821004818203E+01     0.150040324439744E+00
     0.292714598800661E+00     0.146443882625808E+01     0.148943013742184E+00
     0.292037923636580E+00     0.146066210181772E+01     0.147848693175619E+00
     0.291359683447126E+00     0.145687980965563E+01     0.146757365783239E+00
     0.290679864581179E+00     0.145309188369544E+01     0.145669034652883E+00
     0.289998453199231E+00     0.144929825697253E+01     0.144583702918084E+00
     0.289315435269661E+00     0.144549886161612E+01     0.143501373758936E+00
     0.288630796564671E+00     0.144169362883001E+01     0.142422050402464E+00
     0.287944522656134E+00     0.143788248887307E+01     0.141345736123054E+00
     0.287256598911787E+00     0.143406537104038E+01     0.140272434243901E+00
     0.286567010490754E+00     0.143024220364225E+01     0.139202148137250E+00
     0.285875742338990E+00     0.142641291398270E+01     0.138134881224756E+00
     0.285182779185162E+00     0.142257742833913E+01     0.137070636979076E+00
     0.284488105535737E+00     0.141873567193931E+01     0.136009418924043E+00
     0.283791705670243E+00     0.141488756893858E+01     0.134951230635505E+00
     0.283093563636406E+00     0.141103304239659E+01     0.133896075742232E+00
     0.282393663245056E+00     0.140717201425288E+01     0.132843957926643E+00
     0.281691988064971E+00     0.140330440530219E+01     0.131794880925749E+00
     0.280988521417486E+00     0.139943013516865E+01     0.130748848531927E+00
     0.280283246370790E+00     0.139554912227878E+01     0.129705864593410E+00
     0.279576145734678E+00     0.139166128383554E+01     0.128665933016110E+00
     0.278867202054089E+00     0.138776653578844E+01     0.127629057763256E+00
     0.278156397603575E+00     0.138386479280611E+01     0.126595242857418E+00
     0.277443714380872E+00     0.137995596824576E+01     0.125564492381018E+00
     0.276729134100258E+00     0.137603997412175E+01     0.124536810476885E+00
     0.276012638186330E+00     0.137211672107494E+01     0.123512201350074E+00
     0.275294207766833E+00     0.136818611833890E+01     0.122490669268215E+00
     0.274573823665706E+00     0.136424807370626E+01     0.121472218562780E+00
     0.273851466395685E+00     0.136030249349341E+01     0.120456853629929E+00
     0.273127116151041E+00     0.135634928250511E+01     0.119444578932159E+00
     0.272400752799416E+00     0.135238834399592E+01     0.118435398998638E+00
     0.271672355874084E+00     0.134841957963244E+01     0.117429318426951E+00
     0.270941904565479E+00     0.134444288945289E+01     0.116426341883967E+00
     0.270209377712710E+00     0.134045817182608E+01     0.115426474107238E+00
     0.269474753794400E+00     0.133646532340779E+01     0.114429719905692E+00
     0.268738010919883E+00     0.133246423909773E+01     0.113436084161677E+00
     0.267999126819410E+00     0.132845481199286E+01     0.112445571831700E+00
     0.267258078834314E+00     0.132443693333997E+01     0.111458187947791E+00
     0.266514843906807E+00     0.132041049248654E+01     0.110473937618861E+00
     0.265769398569640E+00     0.131637537683052E+01     0.109492826032561E+00
     0.265021718934681E+00     0.131233147176605E+01     0.108514858455769E+00
     0.264271780682017E+00     0.130827866063011E+01     0.107540040236991E+00
     0.263519559047910E+00     0.130421682464497E+01     0.106568376807344E+00
     0.262765028812573E+00     0.130014584285908E+01     0.105599873682054E+00
     0.262008164287593E+00     0.129606559208629E+01     0.104634536462281E+00
     0.261248939302384E+00     0.129197594684127E+01     0.103672370836062E+00
     0.260487327191999E+00     0.128787677927737E+01     0.102713382582671E+00
     0.259723300780530E+00     0.128376795911157E+01     0.101757577569975E+00
     0.258956832367976E+00     0.127964935355757E+01     0.100804961759211E+00
     0.258187893714695E+00     0.127552082725110E+01     0.998555412064658E-01
     0.257416456024867E+00     0.127138224217093E+01     0.989093220634948E-01
     0.256642489930462E+00     0.126723345756033E+01     0.979663105807786E-01
     0.255865965473575E+00     0.126307432984218E+01     0.970265131088428E-01
     0.255086852088615E+00     0.125890471253237E+01     0.960899361007261E-01
     0.254305118583205E+00     0.125472445614790E+01     0.951565861135238E-01
     0.253520733118959E+00     0.125053340811311E+01     0.942264698112557E-01
     0.252733663190751E+00     0.124633141265974E+01     0.932995939665828E-01
     0.251943875605409E+00     0.124211831072368E+01     0.923759654631619E-01
     0.251151336459653E+00     0.123789393983756E+01     0.914555912984465E-01
     0.250356011116602E+00     0.123365813401726E+01     0.905384785857582E-01
     0.249557864181525E+00     0.122941072364412E+01     0.896246345569665E-01
     0.248756859476393E+00     0.122515153534143E+01     0.887140665651464E-01
     0.247952960013179E+00     0.122088039184501E+01     0.878067820871571E-01
     0.247146127966016E+00     0.121659711186780E+01     0.869027887265408E-01
     0.246336324642071E+00     0.121230150995838E+01     0.860020942166060E-01
     0.245523510451109E+00     0.120799339635244E+01     0.851047064237309E-01
     0.244707644872182E+00     0.120367257681354E+01     0.842106333485303E-01
     0.243888686421498E+00     0.119933885247328E+01     0.833198831317535E-01
     0.243066592616285E+00     0.119499201965729E+01     0.824324640564762E-01
     0.242241319937376E+00     0.119063186970325E+01     0.815483845512545E-01
     0.241412823790027E+00     0.118625818877026E+01     0.806676531937140E-01
     0.240581058463198E+00     0.118187075763960E+01     0.797902787151844E-01
     0.239745977085553E+00     0.117746935150139E+01     0.789162700036029E-01
     0.238907531579794E+00     0.117305373973186E+01     0.780456361077918E-01
     0.238065672614537E+00     0.116862368565834E+01     0.771783862419543E-01
     0.237220349553143E+00     0.116417894631007E+01     0.763145297898106E-01
     0.236371510399582E+00     0.115971927215445E+01     0.754540763087421E-01
     0.235519101742161E+00     0.115524440682099E+01     0.745970355357841E-01
     0.234663068691800E+00     0.115075408680262E+01     0.737434173903614E-01
     0.233803354819472E+00     0.114624804114734E+01     0.728932319817152E-01
     0.232939902087276E+00     0.114172599112352E+01     0.720464896125352E-01
     0.232072650776842E+00     0.113718764986915E+01     0.712032007853172E-01
     0.231201539412987E+00     0.113263272201806E+01     0.703633762085435E-01
     0.230326504681369E+00     0.112806090329890E+01     0.695270268014289E-01
     0.229447481342375E+00     0.112347188011243E+01     0.686941637013650E-01
     0.228564402138429E+00     0.111886532907818E+01     0.678647982703598E-01
     0.227677197695353E+00     0.111424091655114E+01     0.670389421022798E-01
     0.226785796416546E+00     0.110959829810378E+01     0.662166070298038E-01
     0.225890124369578E+00     0.110493711797121E+01     0.653978051315647E-01
     0.224990105165335E+00     0.110025700845819E+01     0.645825487406006E-01
     0.224085659828448E+00     0.109555758930295E+01     0.637708504534321E-01
     0.223176706657193E+00     0.109083846699083E+01     0.629627231383277E-01
     0.222263161073797E+00     0.108609923401843E+01     0.621581799456215E-01
     0.221344935460242E+00     0.108133946809190E+01     0.613572343142714E-01
     0.220421938987459E+00     0.107655873128006E+01     0.605598999884298E-01
     0.219494077421947E+00     0.107175656907271E+01     0.597661910220592E-01
     0.218561252923842E+00     0.106693250938261E+01     0.589761217949069E-01
     0.217623363822543E+00     0.106208606144637E+01     0.581897070217391E-01
     0.216680304377584E+00     0.105721671464349E+01     0.574069617689967E-01
     0.215731964513056E+00     0.105232393719428E+01     0.566279014653874E-01
     0.214778229531565E+00     0.104740717474954E+01     0.558525419181268E-01
     0.213818979800324E+00     0.104246584884432E+01     0.550808993294021E-01
     0.212854090405217E+00     0.103749935519666E+01     0.543129903107838E-01
     0.211883430774207E+00     0.103250706184832E+01     0.535488319039697E-01
     0.210906864258427E+00     0.102748830710338E+01     0.527884415970339E-01
     0.209924247674893E+00     0.102244239726753E+01     0.520318373493968E-01
     0.208935430792051E+00     0.101736860411850E+01     0.512790376073921E-01
     0.207940255767417E+00     0.101226616212381E+01     0.505300613333405E-01
     0.206938556516454E+00     0.100713426532590E+01     0.497849280303755E-01
     0.205930158005352E+00     0.100197206385415E+01     0.490436577665933E-01
     0.204914875463499E+00     0.996778660029576E+00     0.483062712082847E-01
     0.203892513494646E+00     0.991553103972231E+00     0.475727896522919E-01
     0.202862865070949E+00     0.986294388631928E+00     0.468432350582914E-01
     0.201825710397477E+00     0.981001444168091E+00     0.461176300905360E-01
     0.200780815615521E+00     0.975673131536719E+00     0.453959981584827E-01
     0.199727931319674E+00     0.970308235153680E+00     0.446783634613707E-01
     0.198666790855958E+00     0.964905454468174E+00     0.439647510400119E-01
     0.197597108357805E+00     0.959463394232336E+00     0.432551868359514E-01
