  0.11186E+01  0.72962E+01  0.22868E+01
  0.11175E+01  0.72871E+01  0.22829E+01
  0.11165E+01  0.72780E+01  0.22790E+01
  0.11154E+01  0.72691E+01  0.22751E+01
  0.11144E+01  0.72602E+01  0.22712E+01
  0.11133E+01  0.72512E+01  0.22673E+01
  0.11123E+01  0.72420E+01  0.22634E+01
  0.11112E+01  0.72331E+01  0.22596E+01
  0.11102E+01  0.72242E+01  0.22557E+01
  0.11091E+01  0.72153E+01  0.22518E+01
  0.11081E+01  0.72061E+01  0.22479E+01
  0.11070E+01  0.71970E+01  0.22441E+01
  0.11059E+01  0.71880E+01  0.22402E+01
  0.11049E+01  0.71791E+01  0.22364E+01
  0.11038E+01  0.71701E+01  0.22325E+01
  0.11028E+01  0.71610E+01  0.22287E+01
  0.11017E+01  0.71521E+01  0.22248E+01
  0.11007E+01  0.71432E+01  0.22210E+01
  0.10996E+01  0.71343E+01  0.22171E+01
  0.10986E+01  0.71253E+01  0.22133E+01
  0.10975E+01  0.71163E+01  0.22095E+01
  0.10965E+01  0.71074E+01  0.22056E+01
  0.10954E+01  0.70985E+01  0.22018E+01
  0.10944E+01  0.70896E+01  0.21980E+01
  0.10933E+01  0.70805E+01  0.21942E+01
  0.10922E+01  0.70717E+01  0.21904E+01
  0.10912E+01  0.70628E+01  0.21865E+01
  0.10902E+01  0.70540E+01  0.21827E+01
  0.10891E+01  0.70450E+01  0.21789E+01
  0.10880E+01  0.70361E+01  0.21751E+01
  0.10870E+01  0.70273E+01  0.21713E+01
  0.10860E+01  0.70185E+01  0.21675E+01
  0.10849E+01  0.70096E+01  0.21638E+01
  0.10838E+01  0.70005E+01  0.21600E+01
  0.10828E+01  0.69917E+01  0.21562E+01
  0.10818E+01  0.69829E+01  0.21524E+01
  0.10807E+01  0.69740E+01  0.21486E+01
  0.10796E+01  0.69650E+01  0.21449E+01
  0.10786E+01  0.69562E+01  0.21411E+01
  0.10776E+01  0.69475E+01  0.21373E+01
  0.10765E+01  0.69387E+01  0.21336E+01
  0.10755E+01  0.69299E+01  0.21298E+01
  0.10744E+01  0.69210E+01  0.21261E+01
  0.10734E+01  0.69122E+01  0.21223E+01
  0.10723E+01  0.69034E+01  0.21186E+01
  0.10713E+01  0.68945E+01  0.21148E+01
  0.10702E+01  0.68854E+01  0.21111E+01
  0.10691E+01  0.68767E+01  0.21074E+01
  0.10681E+01  0.68679E+01  0.21036E+01
  0.10671E+01  0.68591E+01  0.20999E+01
  0.10660E+01  0.68503E+01  0.20962E+01
  0.10649E+01  0.68414E+01  0.20925E+01
  0.10639E+01  0.68328E+01  0.20888E+01
  0.10629E+01  0.68240E+01  0.20851E+01
  0.10618E+01  0.68152E+01  0.20813E+01
  0.10608E+01  0.68063E+01  0.20776E+01
  0.10597E+01  0.67976E+01  0.20739E+01
  0.10587E+01  0.67890E+01  0.20702E+01
  0.10576E+01  0.67801E+01  0.20665E+01
  0.10566E+01  0.67711E+01  0.20629E+01
  0.10555E+01  0.67625E+01  0.20592E+01
  0.10545E+01  0.67538E+01  0.20555E+01
  0.10534E+01  0.67451E+01  0.20518E+01
  0.10524E+01  0.67363E+01  0.20481E+01
  0.10513E+01  0.67276E+01  0.20445E+01
  0.10503E+01  0.67190E+01  0.20408E+01
  0.10493E+01  0.67103E+01  0.20371E+01
  0.10482E+01  0.67016E+01  0.20335E+01
  0.10472E+01  0.66928E+01  0.20298E+01
  0.10461E+01  0.66842E+01  0.20262E+01
  0.10451E+01  0.66756E+01  0.20225E+01
  0.10440E+01  0.66668E+01  0.20189E+01
  0.10430E+01  0.66579E+01  0.20152E+01
  0.10419E+01  0.66493E+01  0.20116E+01
  0.10409E+01  0.66407E+01  0.20080E+01
  0.10398E+01  0.66320E+01  0.20043E+01
  0.10388E+01  0.66231E+01  0.20007E+01
  0.10377E+01  0.66145E+01  0.19971E+01
  0.10367E+01  0.66059E+01  0.19935E+01
  0.10357E+01  0.65973E+01  0.19898E+01
  0.10346E+01  0.65885E+01  0.19862E+01
  0.10336E+01  0.65798E+01  0.19826E+01
  0.10325E+01  0.65713E+01  0.19790E+01
  0.10315E+01  0.65627E+01  0.19754E+01
  0.10304E+01  0.65540E+01  0.19718E+01
  0.10294E+01  0.65452E+01  0.19682E+01
  0.10283E+01  0.65366E+01  0.19646E+01
  0.10273E+01  0.65281E+01  0.19610E+01
  0.10263E+01  0.65194E+01  0.19574E+01
  0.10252E+01  0.65106E+01  0.19539E+01
  0.10242E+01  0.65021E+01  0.19503E+01
  0.10231E+01  0.64936E+01  0.19467E+01
  0.10221E+01  0.64850E+01  0.19431E+01
  0.10210E+01  0.64762E+01  0.19396E+01
  0.10200E+01  0.64677E+01  0.19360E+01
  0.10190E+01  0.64592E+01  0.19325E+01
  0.10179E+01  0.64506E+01  0.19289E+01
  0.10169E+01  0.64419E+01  0.19254E+01
  0.10158E+01  0.64334E+01  0.19218E+01
  0.10148E+01  0.64248E+01  0.19183E+01
  0.10137E+01  0.64163E+01  0.19147E+01
  0.10127E+01  0.64077E+01  0.19112E+01
  0.10116E+01  0.63991E+01  0.19077E+01
  0.10106E+01  0.63906E+01  0.19041E+01
  0.10096E+01  0.63822E+01  0.19006E+01
  0.10085E+01  0.63736E+01  0.18971E+01
  0.10075E+01  0.63649E+01  0.18936E+01
  0.10064E+01  0.63564E+01  0.18900E+01
  0.10054E+01  0.63479E+01  0.18865E+01
  0.10044E+01  0.63394E+01  0.18830E+01
  0.10033E+01  0.63307E+01  0.18795E+01
  0.10023E+01  0.63223E+01  0.18760E+01
  0.10012E+01  0.63138E+01  0.18725E+01
  0.10002E+01  0.63053E+01  0.18690E+01
  0.99913E+00  0.62966E+01  0.18655E+01
  0.99810E+00  0.62882E+01  0.18621E+01
  0.99707E+00  0.62798E+01  0.18586E+01
  0.99603E+00  0.62713E+01  0.18551E+01
  0.99497E+00  0.62627E+01  0.18516E+01
  0.99394E+00  0.62542E+01  0.18481E+01
  0.99290E+00  0.62458E+01  0.18447E+01
  0.99186E+00  0.62373E+01  0.18412E+01
  0.99079E+00  0.62286E+01  0.18378E+01
  0.98977E+00  0.62203E+01  0.18343E+01
  0.98874E+00  0.62119E+01  0.18308E+01
  0.98770E+00  0.62035E+01  0.18274E+01
  0.98664E+00  0.61949E+01  0.18240E+01
  0.98562E+00  0.61866E+01  0.18205E+01
  0.98459E+00  0.61782E+01  0.18171E+01
  0.98355E+00  0.61697E+01  0.18136E+01
  0.98248E+00  0.61611E+01  0.18102E+01
  0.98146E+00  0.61528E+01  0.18068E+01
  0.98043E+00  0.61445E+01  0.18034E+01
  0.97940E+00  0.61361E+01  0.17999E+01
  0.97834E+00  0.61275E+01  0.17965E+01
  0.97732E+00  0.61192E+01  0.17931E+01
  0.97628E+00  0.61108E+01  0.17897E+01
  0.97524E+00  0.61024E+01  0.17863E+01
  0.97418E+00  0.60939E+01  0.17829E+01
  0.97316E+00  0.60856E+01  0.17795E+01
  0.97213E+00  0.60773E+01  0.17761E+01
  0.97110E+00  0.60690E+01  0.17727E+01
  0.97004E+00  0.60604E+01  0.17693E+01
  0.96902E+00  0.60522E+01  0.17659E+01
  0.96799E+00  0.60439E+01  0.17625E+01
  0.96695E+00  0.60355E+01  0.17592E+01
  0.96589E+00  0.60270E+01  0.17558E+01
  0.96487E+00  0.60188E+01  0.17524E+01
  0.96384E+00  0.60104E+01  0.17491E+01
  0.96280E+00  0.60021E+01  0.17457E+01
  0.96174E+00  0.59936E+01  0.17423E+01
  0.96072E+00  0.59854E+01  0.17390E+01
  0.95970E+00  0.59771E+01  0.17356E+01
  0.95867E+00  0.59688E+01  0.17323E+01
  0.95762E+00  0.59604E+01  0.17289E+01
  0.95660E+00  0.59522E+01  0.17256E+01
  0.95558E+00  0.59440E+01  0.17223E+01
  0.95454E+00  0.59357E+01  0.17189E+01
  0.95350E+00  0.59274E+01  0.17156E+01
  0.95248E+00  0.59192E+01  0.17123E+01
  0.95146E+00  0.59110E+01  0.17089E+01
  0.95041E+00  0.59027E+01  0.17056E+01
  0.94937E+00  0.58943E+01  0.17023E+01
  0.94835E+00  0.58862E+01  0.16990E+01
  0.94733E+00  0.58780E+01  0.16957E+01
  0.94628E+00  0.58696E+01  0.16924E+01
  0.94525E+00  0.58613E+01  0.16891E+01
  0.94423E+00  0.58532E+01  0.16858E+01
  0.94320E+00  0.58450E+01  0.16825E+01
  0.94215E+00  0.58366E+01  0.16792E+01
  0.94114E+00  0.58286E+01  0.16759E+01
  0.94012E+00  0.58204E+01  0.16726E+01
  0.93909E+00  0.58123E+01  0.16693E+01
  0.93804E+00  0.58039E+01  0.16661E+01
  0.93703E+00  0.57959E+01  0.16628E+01
  0.93602E+00  0.57878E+01  0.16595E+01
  0.93499E+00  0.57796E+01  0.16563E+01
  0.93394E+00  0.57713E+01  0.16530E+01
  0.93293E+00  0.57632E+01  0.16497E+01
  0.93191E+00  0.57551E+01  0.16465E+01
  0.93087E+00  0.57469E+01  0.16432E+01
  0.92984E+00  0.57387E+01  0.16400E+01
  0.92883E+00  0.57307E+01  0.16367E+01
  0.92781E+00  0.57226E+01  0.16335E+01
  0.92676E+00  0.57143E+01  0.16303E+01
  0.92576E+00  0.57063E+01  0.16270E+01
  0.92475E+00  0.56983E+01  0.16238E+01
  0.92372E+00  0.56902E+01  0.16206E+01
  0.92268E+00  0.56820E+01  0.16173E+01
  0.92168E+00  0.56741E+01  0.16141E+01
  0.92067E+00  0.56661E+01  0.16109E+01
  0.91965E+00  0.56580E+01  0.16077E+01
  0.91862E+00  0.56499E+01  0.16045E+01
  0.91761E+00  0.56419E+01  0.16013E+01
  0.91660E+00  0.56339E+01  0.15981E+01
  0.91555E+00  0.56257E+01  0.15949E+01
  0.91455E+00  0.56178E+01  0.15917E+01
  0.91355E+00  0.56099E+01  0.15885E+01
  0.91253E+00  0.56019E+01  0.15853E+01
  0.91150E+00  0.55937E+01  0.15821E+01
  0.91050E+00  0.55859E+01  0.15789E+01
  0.90950E+00  0.55780E+01  0.15758E+01
  0.90847E+00  0.55699E+01  0.15726E+01
  0.90746E+00  0.55619E+01  0.15694E+01
  0.90646E+00  0.55541E+01  0.15662E+01
  0.90545E+00  0.55462E+01  0.15631E+01
  0.90441E+00  0.55380E+01  0.15599E+01
  0.90341E+00  0.55302E+01  0.15568E+01
  0.90241E+00  0.55223E+01  0.15536E+01
  0.90140E+00  0.55144E+01  0.15505E+01
  0.90038E+00  0.55064E+01  0.15473E+01
  0.89939E+00  0.54987E+01  0.15442E+01
  0.89839E+00  0.54908E+01  0.15410E+01
  0.89736E+00  0.54828E+01  0.15379E+01
  0.89638E+00  0.54751E+01  0.15348E+01
  0.89538E+00  0.54673E+01  0.15316E+01
  0.89437E+00  0.54594E+01  0.15285E+01
  0.89337E+00  0.54516E+01  0.15254E+01
  0.89239E+00  0.54439E+01  0.15223E+01
  0.89140E+00  0.54362E+01  0.15192E+01
  0.89038E+00  0.54282E+01  0.15161E+01
  0.88940E+00  0.54206E+01  0.15130E+01
  0.88841E+00  0.54129E+01  0.15098E+01
  0.88739E+00  0.54050E+01  0.15067E+01
  0.88640E+00  0.53973E+01  0.15037E+01
  0.88542E+00  0.53896E+01  0.15006E+01
  0.88443E+00  0.53819E+01  0.14975E+01
  0.88343E+00  0.53741E+01  0.14944E+01
  0.88246E+00  0.53666E+01  0.14913E+01
  0.88148E+00  0.53589E+01  0.14882E+01
  0.88046E+00  0.53511E+01  0.14851E+01
  0.87950E+00  0.53436E+01  0.14821E+01
  0.87853E+00  0.53361E+01  0.14790E+01
  0.87754E+00  0.53284E+01  0.14759E+01
  0.87655E+00  0.53207E+01  0.14729E+01
  0.87558E+00  0.53132E+01  0.14698E+01
  0.87460E+00  0.53056E+01  0.14668E+01
  0.87361E+00  0.52980E+01  0.14637E+01
  0.87266E+00  0.52906E+01  0.14607E+01
  0.87169E+00  0.52831E+01  0.14576E+01
  0.87070E+00  0.52754E+01  0.14546E+01
  0.86976E+00  0.52681E+01  0.14515E+01
  0.86880E+00  0.52608E+01  0.14485E+01
  0.86781E+00  0.52531E+01  0.14455E+01
  0.86688E+00  0.52459E+01  0.14424E+01
  0.86593E+00  0.52386E+01  0.14394E+01
  0.86495E+00  0.52310E+01  0.14364E+01
  0.86402E+00  0.52239E+01  0.14334E+01
  0.86309E+00  0.52168E+01  0.14304E+01
  0.86213E+00  0.52093E+01  0.14273E+01
  0.86119E+00  0.52021E+01  0.14243E+01
  0.86027E+00  0.51951E+01  0.14213E+01
  0.85933E+00  0.51878E+01  0.14183E+01
  0.85841E+00  0.51807E+01  0.14153E+01
  0.85751E+00  0.51738E+01  0.14123E+01
  0.85660E+00  0.51668E+01  0.14093E+01
  0.85572E+00  0.51600E+01  0.14063E+01
  0.85484E+00  0.51533E+01  0.14034E+01
  0.85396E+00  0.51466E+01  0.14004E+01
  0.85308E+00  0.51398E+01  0.13974E+01
  0.85220E+00  0.51331E+01  0.13944E+01
  0.85131E+00  0.51263E+01  0.13914E+01
  0.85042E+00  0.51195E+01  0.13885E+01
  0.84954E+00  0.51127E+01  0.13855E+01
  0.84866E+00  0.51060E+01  0.13825E+01
  0.84777E+00  0.50992E+01  0.13796E+01
  0.84689E+00  0.50925E+01  0.13766E+01
  0.84600E+00  0.50857E+01  0.13737E+01
  0.84512E+00  0.50790E+01  0.13707E+01
  0.84424E+00  0.50722E+01  0.13678E+01
  0.84336E+00  0.50655E+01  0.13648E+01
  0.84247E+00  0.50588E+01  0.13619E+01
  0.84159E+00  0.50520E+01  0.13589E+01
  0.84071E+00  0.50453E+01  0.13560E+01
  0.83983E+00  0.50386E+01  0.13531E+01
  0.83895E+00  0.50319E+01  0.13501E+01
  0.83806E+00  0.50252E+01  0.13472E+01
  0.83717E+00  0.50184E+01  0.13443E+01
  0.83629E+00  0.50117E+01  0.13414E+01
  0.83540E+00  0.50050E+01  0.13384E+01
  0.83452E+00  0.49983E+01  0.13355E+01
  0.83363E+00  0.49916E+01  0.13326E+01
  0.83275E+00  0.49848E+01  0.13297E+01
  0.83187E+00  0.49781E+01  0.13268E+01
  0.83098E+00  0.49715E+01  0.13239E+01
  0.83010E+00  0.49648E+01  0.13210E+01
  0.82922E+00  0.49581E+01  0.13181E+01
  0.82833E+00  0.49514E+01  0.13152E+01
  0.82744E+00  0.49446E+01  0.13123E+01
  0.82654E+00  0.49379E+01  0.13094E+01
  0.82566E+00  0.49312E+01  0.13065E+01
  0.82477E+00  0.49245E+01  0.13037E+01
  0.82389E+00  0.49178E+01  0.13008E+01
  0.82300E+00  0.49111E+01  0.12979E+01
  0.82211E+00  0.49044E+01  0.12950E+01
  0.82123E+00  0.48977E+01  0.12922E+01
  0.82034E+00  0.48910E+01  0.12893E+01
  0.81946E+00  0.48844E+01  0.12864E+01
  0.81857E+00  0.48777E+01  0.12836E+01
  0.81769E+00  0.48711E+01  0.12807E+01
  0.81680E+00  0.48644E+01  0.12779E+01
  0.81592E+00  0.48577E+01  0.12750E+01
  0.81503E+00  0.48511E+01  0.12722E+01
  0.81414E+00  0.48444E+01  0.12693E+01
  0.81324E+00  0.48377E+01  0.12665E+01
  0.81235E+00  0.48310E+01  0.12636E+01
  0.81146E+00  0.48243E+01  0.12608E+01
  0.81058E+00  0.48177E+01  0.12580E+01
  0.80969E+00  0.48110E+01  0.12551E+01
  0.80880E+00  0.48044E+01  0.12523E+01
  0.80792E+00  0.47977E+01  0.12495E+01
  0.80703E+00  0.47911E+01  0.12467E+01
  0.80614E+00  0.47845E+01  0.12439E+01
  0.80526E+00  0.47778E+01  0.12410E+01
  0.80437E+00  0.47712E+01  0.12382E+01
  0.80347E+00  0.47645E+01  0.12354E+01
  0.80258E+00  0.47579E+01  0.12326E+01
  0.80169E+00  0.47512E+01  0.12298E+01
  0.80080E+00  0.47445E+01  0.12270E+01
  0.79990E+00  0.47379E+01  0.12242E+01
  0.79902E+00  0.47313E+01  0.12214E+01
  0.79813E+00  0.47247E+01  0.12186E+01
  0.79725E+00  0.47181E+01  0.12159E+01
  0.79636E+00  0.47115E+01  0.12131E+01
  0.79547E+00  0.47049E+01  0.12103E+01
  0.79459E+00  0.46983E+01  0.12075E+01
  0.79370E+00  0.46917E+01  0.12048E+01
  0.79281E+00  0.46851E+01  0.12020E+01
  0.79193E+00  0.46786E+01  0.11992E+01
  0.79104E+00  0.46720E+01  0.11965E+01
  0.79015E+00  0.46654E+01  0.11937E+01
  0.78925E+00  0.46587E+01  0.11909E+01
  0.78836E+00  0.46521E+01  0.11882E+01
  0.78747E+00  0.46455E+01  0.11854E+01
  0.78658E+00  0.46390E+01  0.11827E+01
  0.78570E+00  0.46324E+01  0.11799E+01
  0.78481E+00  0.46258E+01  0.11772E+01
  0.78392E+00  0.46192E+01  0.11744E+01
  0.78303E+00  0.46126E+01  0.11717E+01
  0.78214E+00  0.46061E+01  0.11690E+01
  0.78125E+00  0.45995E+01  0.11663E+01
  0.78037E+00  0.45930E+01  0.11635E+01
  0.77948E+00  0.45864E+01  0.11608E+01
  0.77858E+00  0.45798E+01  0.11581E+01
  0.77769E+00  0.45733E+01  0.11554E+01
  0.77680E+00  0.45667E+01  0.11526E+01
  0.77591E+00  0.45602E+01  0.11499E+01
  0.77502E+00  0.45536E+01  0.11472E+01
  0.77413E+00  0.45471E+01  0.11445E+01
  0.77324E+00  0.45406E+01  0.11418E+01
  0.77236E+00  0.45340E+01  0.11391E+01
  0.77147E+00  0.45275E+01  0.11364E+01
  0.77058E+00  0.45210E+01  0.11337E+01
  0.76969E+00  0.45145E+01  0.11310E+01
  0.76880E+00  0.45079E+01  0.11284E+01
  0.76791E+00  0.45014E+01  0.11257E+01
  0.76702E+00  0.44949E+01  0.11230E+01
  0.76614E+00  0.44884E+01  0.11203E+01
  0.76525E+00  0.44819E+01  0.11176E+01
  0.76435E+00  0.44754E+01  0.11150E+01
  0.76346E+00  0.44689E+01  0.11123E+01
  0.76257E+00  0.44624E+01  0.11096E+01
  0.76168E+00  0.44559E+01  0.11070E+01
  0.76079E+00  0.44494E+01  0.11043E+01
  0.75991E+00  0.44429E+01  0.11017E+01
  0.75902E+00  0.44364E+01  0.10990E+01
  0.75813E+00  0.44299E+01  0.10964E+01
  0.75724E+00  0.44234E+01  0.10937E+01
  0.75635E+00  0.44170E+01  0.10911E+01
  0.75546E+00  0.44105E+01  0.10884E+01
  0.75457E+00  0.44040E+01  0.10858E+01
  0.75367E+00  0.43975E+01  0.10832E+01
  0.75278E+00  0.43910E+01  0.10805E+01
  0.75189E+00  0.43845E+01  0.10779E+01
  0.75100E+00  0.43780E+01  0.10753E+01
  0.75011E+00  0.43716E+01  0.10727E+01
  0.74922E+00  0.43651E+01  0.10700E+01
  0.74833E+00  0.43587E+01  0.10674E+01
  0.74744E+00  0.43522E+01  0.10648E+01
  0.74655E+00  0.43458E+01  0.10622E+01
  0.74567E+00  0.43394E+01  0.10596E+01
  0.74478E+00  0.43329E+01  0.10570E+01
  0.74389E+00  0.43265E+01  0.10544E+01
  0.74300E+00  0.43201E+01  0.10518E+01
  0.74212E+00  0.43137E+01  0.10492E+01
  0.74123E+00  0.43073E+01  0.10466E+01
  0.74034E+00  0.43008E+01  0.10440E+01
  0.73945E+00  0.42944E+01  0.10414E+01
  0.73856E+00  0.42880E+01  0.10389E+01
  0.73767E+00  0.42816E+01  0.10363E+01
  0.73678E+00  0.42752E+01  0.10337E+01
  0.73589E+00  0.42688E+01  0.10311E+01
  0.73500E+00  0.42624E+01  0.10286E+01
  0.73412E+00  0.42560E+01  0.10260E+01
  0.73323E+00  0.42496E+01  0.10234E+01
  0.73234E+00  0.42432E+01  0.10209E+01
  0.73145E+00  0.42368E+01  0.10183E+01
  0.73057E+00  0.42305E+01  0.10158E+01
  0.72968E+00  0.42241E+01  0.10132E+01
  0.72879E+00  0.42177E+01  0.10107E+01
  0.72790E+00  0.42113E+01  0.10081E+01
  0.72700E+00  0.42049E+01  0.10056E+01
  0.72611E+00  0.41985E+01  0.10031E+01
  0.72523E+00  0.41922E+01  0.10005E+01
  0.72434E+00  0.41858E+01  0.99799E+00
  0.72346E+00  0.41795E+01  0.99547E+00
  0.72257E+00  0.41732E+01  0.99294E+00
  0.72169E+00  0.41669E+01  0.99042E+00
  0.72080E+00  0.41605E+01  0.98790E+00
  0.71992E+00  0.41542E+01  0.98538E+00
  0.71904E+00  0.41479E+01  0.98287E+00
  0.71815E+00  0.41416E+01  0.98036E+00
  0.71727E+00  0.41353E+01  0.97785E+00
  0.71639E+00  0.41290E+01  0.97535E+00
  0.71550E+00  0.41227E+01  0.97285E+00
  0.71462E+00  0.41164E+01  0.97035E+00
  0.71374E+00  0.41102E+01  0.96786E+00
  0.71285E+00  0.41038E+01  0.96537E+00
  0.71197E+00  0.40976E+01  0.96288E+00
  0.71108E+00  0.40913E+01  0.96039E+00
  0.71020E+00  0.40850E+01  0.95791E+00
  0.70932E+00  0.40788E+01  0.95543E+00
  0.70844E+00  0.40725E+01  0.95296E+00
  0.70756E+00  0.40663E+01  0.95049E+00
  0.70667E+00  0.40600E+01  0.94802E+00
  0.70579E+00  0.40538E+01  0.94555E+00
  0.70491E+00  0.40475E+01  0.94309E+00
  0.70404E+00  0.40413E+01  0.94063E+00
  0.70316E+00  0.40351E+01  0.93817E+00
  0.70228E+00  0.40289E+01  0.93571E+00
  0.70140E+00  0.40227E+01  0.93326E+00
  0.70052E+00  0.40165E+01  0.93081E+00
  0.69965E+00  0.40103E+01  0.92837E+00
  0.69877E+00  0.40041E+01  0.92593E+00
  0.69790E+00  0.39980E+01  0.92349E+00
  0.69703E+00  0.39918E+01  0.92105E+00
  0.69615E+00  0.39856E+01  0.91862E+00
  0.69528E+00  0.39795E+01  0.91619E+00
  0.69441E+00  0.39734E+01  0.91376E+00
  0.69354E+00  0.39672E+01  0.91134E+00
  0.69266E+00  0.39611E+01  0.90892E+00
  0.69180E+00  0.39550E+01  0.90650E+00
  0.69093E+00  0.39489E+01  0.90409E+00
  0.69006E+00  0.39428E+01  0.90168E+00
  0.68920E+00  0.39367E+01  0.89927E+00
  0.68833E+00  0.39307E+01  0.89686E+00
  0.68747E+00  0.39246E+01  0.89446E+00
  0.68661E+00  0.39186E+01  0.89206E+00
  0.68575E+00  0.39125E+01  0.88966E+00
  0.68489E+00  0.39065E+01  0.88727E+00
  0.68403E+00  0.39005E+01  0.88488E+00
  0.68317E+00  0.38945E+01  0.88249E+00
  0.68232E+00  0.38885E+01  0.88011E+00
  0.68147E+00  0.38826E+01  0.87773E+00
  0.68063E+00  0.38767E+01  0.87535E+00
  0.67979E+00  0.38709E+01  0.87297E+00
  0.67896E+00  0.38651E+01  0.87060E+00
  0.67813E+00  0.38593E+01  0.86823E+00
  0.67730E+00  0.38535E+01  0.86586E+00
  0.67646E+00  0.38477E+01  0.86350E+00
  0.67563E+00  0.38419E+01  0.86114E+00
  0.67479E+00  0.38360E+01  0.85878E+00
  0.67394E+00  0.38302E+01  0.85643E+00
  0.67311E+00  0.38244E+01  0.85407E+00
  0.67228E+00  0.38186E+01  0.85172E+00
  0.67145E+00  0.38128E+01  0.84938E+00
  0.67062E+00  0.38071E+01  0.84703E+00
  0.66979E+00  0.38013E+01  0.84469E+00
  0.66895E+00  0.37955E+01  0.84236E+00
  0.66812E+00  0.37897E+01  0.84002E+00
  0.66728E+00  0.37839E+01  0.83769E+00
  0.66645E+00  0.37781E+01  0.83536E+00
  0.66561E+00  0.37723E+01  0.83304E+00
  0.66477E+00  0.37665E+01  0.83071E+00
  0.66393E+00  0.37607E+01  0.82839E+00
  0.66309E+00  0.37550E+01  0.82607E+00
  0.66226E+00  0.37492E+01  0.82376E+00
  0.66142E+00  0.37434E+01  0.82145E+00
  0.66058E+00  0.37376E+01  0.81914E+00
  0.65974E+00  0.37318E+01  0.81684E+00
  0.65890E+00  0.37260E+01  0.81453E+00
  0.65806E+00  0.37202E+01  0.81223E+00
  0.65722E+00  0.37144E+01  0.80994E+00
  0.65637E+00  0.37086E+01  0.80764E+00
  0.65553E+00  0.37028E+01  0.80535E+00
  0.65469E+00  0.36971E+01  0.80306E+00
  0.65385E+00  0.36913E+01  0.80078E+00
  0.65301E+00  0.36855E+01  0.79850E+00
  0.65217E+00  0.36797E+01  0.79622E+00
  0.65133E+00  0.36739E+01  0.79394E+00
  0.65048E+00  0.36681E+01  0.79167E+00
  0.64963E+00  0.36623E+01  0.78940E+00
  0.64878E+00  0.36565E+01  0.78713E+00
  0.64794E+00  0.36507E+01  0.78487E+00
  0.64710E+00  0.36450E+01  0.78261E+00
  0.64625E+00  0.36392E+01  0.78035E+00
  0.64541E+00  0.36334E+01  0.77809E+00
  0.64456E+00  0.36276E+01  0.77584E+00
  0.64372E+00  0.36218E+01  0.77359E+00
  0.64287E+00  0.36161E+01  0.77134E+00
  0.64202E+00  0.36103E+01  0.76910E+00
  0.64117E+00  0.36045E+01  0.76686E+00
  0.64032E+00  0.35986E+01  0.76462E+00
  0.63947E+00  0.35929E+01  0.76239E+00
  0.63862E+00  0.35871E+01  0.76016E+00
  0.63777E+00  0.35813E+01  0.75793E+00
  0.63692E+00  0.35755E+01  0.75570E+00
  0.63607E+00  0.35697E+01  0.75348E+00
  0.63522E+00  0.35640E+01  0.75126E+00
  0.63438E+00  0.35582E+01  0.74904E+00
  0.63353E+00  0.35525E+01  0.74683E+00
  0.63267E+00  0.35467E+01  0.74462E+00
  0.63182E+00  0.35409E+01  0.74241E+00
  0.63097E+00  0.35351E+01  0.74020E+00
  0.63012E+00  0.35293E+01  0.73800E+00
  0.62926E+00  0.35236E+01  0.73580E+00
  0.62841E+00  0.35178E+01  0.73361E+00
  0.62755E+00  0.35120E+01  0.73141E+00
  0.62670E+00  0.35062E+01  0.72922E+00
  0.62584E+00  0.35004E+01  0.72704E+00
  0.62497E+00  0.34945E+01  0.72485E+00
  0.62411E+00  0.34887E+01  0.72267E+00
  0.62326E+00  0.34830E+01  0.72049E+00
  0.62241E+00  0.34772E+01  0.71832E+00
  0.62155E+00  0.34715E+01  0.71615E+00
  0.62070E+00  0.34657E+01  0.71398E+00
  0.61984E+00  0.34600E+01  0.71181E+00
  0.61899E+00  0.34542E+01  0.70965E+00
  0.61813E+00  0.34484E+01  0.70749E+00
  0.61726E+00  0.34426E+01  0.70533E+00
  0.61639E+00  0.34368E+01  0.70318E+00
  0.61553E+00  0.34310E+01  0.70103E+00
  0.61467E+00  0.34252E+01  0.69888E+00
  0.61380E+00  0.34194E+01  0.69673E+00
  0.61294E+00  0.34136E+01  0.69459E+00
  0.61208E+00  0.34079E+01  0.69245E+00
  0.61122E+00  0.34021E+01  0.69031E+00
  0.61036E+00  0.33963E+01  0.68818E+00
  0.60950E+00  0.33905E+01  0.68605E+00
  0.60863E+00  0.33847E+01  0.68392E+00
  0.60777E+00  0.33790E+01  0.68180E+00
  0.60691E+00  0.33732E+01  0.67968E+00
  0.60604E+00  0.33675E+01  0.67756E+00
  0.60518E+00  0.33617E+01  0.67545E+00
  0.60431E+00  0.33559E+01  0.67334E+00
  0.60344E+00  0.33501E+01  0.67123E+00
  0.60257E+00  0.33443E+01  0.66912E+00
  0.60170E+00  0.33385E+01  0.66702E+00
  0.60083E+00  0.33327E+01  0.66492E+00
  0.59996E+00  0.33269E+01  0.66282E+00
  0.59910E+00  0.33212E+01  0.66073E+00
  0.59823E+00  0.33154E+01  0.65864E+00
  0.59736E+00  0.33096E+01  0.65655E+00
  0.59649E+00  0.33039E+01  0.65447E+00
  0.59562E+00  0.32981E+01  0.65238E+00
  0.59475E+00  0.32923E+01  0.65031E+00
  0.59387E+00  0.32865E+01  0.64823E+00
  0.59299E+00  0.32807E+01  0.64616E+00
  0.59212E+00  0.32749E+01  0.64409E+00
  0.59124E+00  0.32691E+01  0.64202E+00
  0.59038E+00  0.32634E+01  0.63996E+00
  0.58950E+00  0.32576E+01  0.63790E+00
  0.58863E+00  0.32518E+01  0.63584E+00
  0.58776E+00  0.32461E+01  0.63379E+00
  0.58687E+00  0.32402E+01  0.63174E+00
  0.58599E+00  0.32344E+01  0.62969E+00
  0.58512E+00  0.32287E+01  0.62764E+00
  0.58424E+00  0.32229E+01  0.62560E+00
  0.58337E+00  0.32171E+01  0.62356E+00
  0.58249E+00  0.32113E+01  0.62153E+00
  0.58160E+00  0.32055E+01  0.61950E+00
  0.58072E+00  0.31997E+01  0.61747E+00
  0.57984E+00  0.31939E+01  0.61544E+00
  0.57896E+00  0.31881E+01  0.61342E+00
  0.57808E+00  0.31824E+01  0.61140E+00
  0.57720E+00  0.31766E+01  0.60938E+00
  0.57633E+00  0.31709E+01  0.60737E+00
  0.57545E+00  0.31651E+01  0.60535E+00
  0.57456E+00  0.31593E+01  0.60335E+00
  0.57368E+00  0.31535E+01  0.60134E+00
  0.57279E+00  0.31477E+01  0.59934E+00
  0.57190E+00  0.31419E+01  0.59734E+00
  0.57102E+00  0.31361E+01  0.59535E+00
  0.57013E+00  0.31303E+01  0.59335E+00
  0.56925E+00  0.31245E+01  0.59136E+00
  0.56836E+00  0.31188E+01  0.58938E+00
  0.56748E+00  0.31130E+01  0.58739E+00
  0.56659E+00  0.31072E+01  0.58541E+00
  0.56570E+00  0.31014E+01  0.58344E+00
  0.56481E+00  0.30956E+01  0.58146E+00
  0.56392E+00  0.30898E+01  0.57949E+00
  0.56303E+00  0.30840E+01  0.57753E+00
  0.56214E+00  0.30783E+01  0.57556E+00
  0.56125E+00  0.30725E+01  0.57360E+00
  0.56035E+00  0.30666E+01  0.57164E+00
  0.55946E+00  0.30608E+01  0.56969E+00
  0.55856E+00  0.30550E+01  0.56773E+00
  0.55768E+00  0.30493E+01  0.56578E+00
  0.55679E+00  0.30435E+01  0.56384E+00
  0.55590E+00  0.30378E+01  0.56190E+00
  0.55500E+00  0.30320E+01  0.55996E+00
  0.55411E+00  0.30262E+01  0.55802E+00
  0.55321E+00  0.30204E+01  0.55609E+00
  0.55231E+00  0.30145E+01  0.55416E+00
  0.55140E+00  0.30087E+01  0.55223E+00
  0.55050E+00  0.30029E+01  0.55031E+00
  0.54961E+00  0.29971E+01  0.54839E+00
  0.54872E+00  0.29913E+01  0.54647E+00
  0.54782E+00  0.29856E+01  0.54455E+00
  0.54693E+00  0.29798E+01  0.54264E+00
  0.54603E+00  0.29740E+01  0.54073E+00
  0.54512E+00  0.29681E+01  0.53883E+00
  0.54422E+00  0.29624E+01  0.53693E+00
  0.54332E+00  0.29566E+01  0.53503E+00
  0.54242E+00  0.29508E+01  0.53313E+00
  0.54151E+00  0.29450E+01  0.53124E+00
  0.54061E+00  0.29392E+01  0.52935E+00
  0.53971E+00  0.29334E+01  0.52746E+00
  0.53880E+00  0.29276E+01  0.52558E+00
  0.53790E+00  0.29218E+01  0.52370E+00
  0.53700E+00  0.29161E+01  0.52183E+00
  0.53610E+00  0.29103E+01  0.51995E+00
  0.53519E+00  0.29045E+01  0.51808E+00
  0.53428E+00  0.28987E+01  0.51621E+00
  0.53337E+00  0.28928E+01  0.51435E+00
  0.53245E+00  0.28870E+01  0.51249E+00
  0.53154E+00  0.28811E+01  0.51063E+00
  0.53063E+00  0.28754E+01  0.50878E+00
  0.52973E+00  0.28696E+01  0.50693E+00
  0.52883E+00  0.28638E+01  0.50508E+00
  0.52792E+00  0.28581E+01  0.50323E+00
  0.52701E+00  0.28523E+01  0.50139E+00
  0.52609E+00  0.28464E+01  0.49955E+00
  0.52518E+00  0.28406E+01  0.49772E+00
  0.52427E+00  0.28348E+01  0.49589E+00
  0.52335E+00  0.28290E+01  0.49406E+00
  0.52243E+00  0.28232E+01  0.49223E+00
  0.52152E+00  0.28174E+01  0.49041E+00
  0.52061E+00  0.28116E+01  0.48859E+00
  0.51968E+00  0.28057E+01  0.48677E+00
  0.51877E+00  0.28000E+01  0.48496E+00
  0.51786E+00  0.27942E+01  0.48315E+00
  0.51694E+00  0.27884E+01  0.48134E+00
  0.51603E+00  0.27826E+01  0.47954E+00
  0.51510E+00  0.27768E+01  0.47774E+00
  0.51417E+00  0.27709E+01  0.47594E+00
  0.51325E+00  0.27650E+01  0.47415E+00
  0.51233E+00  0.27593E+01  0.47236E+00
  0.51142E+00  0.27535E+01  0.47057E+00
  0.51051E+00  0.27477E+01  0.46879E+00
  0.50959E+00  0.27420E+01  0.46701E+00
  0.50866E+00  0.27362E+01  0.46523E+00
  0.50774E+00  0.27303E+01  0.46345E+00
  0.50681E+00  0.27245E+01  0.46168E+00
  0.50588E+00  0.27186E+01  0.45992E+00
  0.50496E+00  0.27128E+01  0.45815E+00
  0.50404E+00  0.27071E+01  0.45639E+00
  0.50312E+00  0.27013E+01  0.45463E+00
  0.50219E+00  0.26955E+01  0.45288E+00
  0.50126E+00  0.26897E+01  0.45112E+00
  0.50034E+00  0.26839E+01  0.44938E+00
  0.49941E+00  0.26781E+01  0.44763E+00
  0.49848E+00  0.26723E+01  0.44589E+00
  0.49754E+00  0.26664E+01  0.44415E+00
  0.49661E+00  0.26606E+01  0.44241E+00
  0.49567E+00  0.26547E+01  0.44068E+00
  0.49475E+00  0.26490E+01  0.43895E+00
  0.49383E+00  0.26432E+01  0.43723E+00
  0.49290E+00  0.26374E+01  0.43550E+00
  0.49197E+00  0.26316E+01  0.43379E+00
  0.49104E+00  0.26258E+01  0.43207E+00
  0.49009E+00  0.26199E+01  0.43036E+00
  0.48915E+00  0.26140E+01  0.42865E+00
  0.48822E+00  0.26083E+01  0.42694E+00
  0.48730E+00  0.26025E+01  0.42524E+00
  0.48637E+00  0.25968E+01  0.42354E+00
  0.48543E+00  0.25910E+01  0.42184E+00
  0.48449E+00  0.25851E+01  0.42015E+00
  0.48356E+00  0.25793E+01  0.41846E+00
  0.48262E+00  0.25735E+01  0.41677E+00
  0.48168E+00  0.25677E+01  0.41509E+00
  0.48074E+00  0.25618E+01  0.41341E+00
  0.47980E+00  0.25560E+01  0.41173E+00
  0.47885E+00  0.25502E+01  0.41006E+00
  0.47792E+00  0.25444E+01  0.40839E+00
  0.47699E+00  0.25387E+01  0.40672E+00
  0.47605E+00  0.25329E+01  0.40506E+00
  0.47511E+00  0.25271E+01  0.40340E+00
  0.47416E+00  0.25212E+01  0.40174E+00
  0.47320E+00  0.25153E+01  0.40009E+00
  0.47227E+00  0.25096E+01  0.39844E+00
  0.47134E+00  0.25038E+01  0.39679E+00
  0.47040E+00  0.24981E+01  0.39515E+00
  0.46946E+00  0.24923E+01  0.39350E+00
  0.46851E+00  0.24865E+01  0.39187E+00
  0.46756E+00  0.24806E+01  0.39023E+00
  0.46662E+00  0.24748E+01  0.38860E+00
  0.46567E+00  0.24690E+01  0.38698E+00
  0.46473E+00  0.24633E+01  0.38535E+00
  0.46379E+00  0.24575E+01  0.38373E+00
  0.46284E+00  0.24516E+01  0.38211E+00
  0.46190E+00  0.24459E+01  0.38050E+00
  0.46096E+00  0.24401E+01  0.37889E+00
  0.46001E+00  0.24344E+01  0.37728E+00
  0.45905E+00  0.24285E+01  0.37568E+00
  0.45810E+00  0.24227E+01  0.37408E+00
  0.45716E+00  0.24169E+01  0.37248E+00
  0.45622E+00  0.24112E+01  0.37088E+00
  0.45528E+00  0.24055E+01  0.36929E+00
  0.45433E+00  0.23997E+01  0.36770E+00
  0.45338E+00  0.23939E+01  0.36612E+00
  0.45241E+00  0.23880E+01  0.36454E+00
  0.45146E+00  0.23822E+01  0.36296E+00
  0.45052E+00  0.23765E+01  0.36139E+00
  0.44958E+00  0.23708E+01  0.35982E+00
  0.44863E+00  0.23650E+01  0.35825E+00
  0.44767E+00  0.23592E+01  0.35668E+00
  0.44673E+00  0.23535E+01  0.35512E+00
  0.44578E+00  0.23477E+01  0.35356E+00
  0.44482E+00  0.23420E+01  0.35201E+00
  0.44388E+00  0.23362E+01  0.35046E+00
  0.44292E+00  0.23304E+01  0.34891E+00
  0.44199E+00  0.23248E+01  0.34737E+00
  0.44104E+00  0.23191E+01  0.34582E+00
  0.44010E+00  0.23134E+01  0.34429E+00
  0.43914E+00  0.23076E+01  0.34275E+00
  0.43817E+00  0.23017E+01  0.34122E+00
  0.43724E+00  0.22961E+01  0.33969E+00
  0.43630E+00  0.22904E+01  0.33817E+00
  0.43536E+00  0.22848E+01  0.33665E+00
  0.43441E+00  0.22791E+01  0.33513E+00
  0.43344E+00  0.22733E+01  0.33361E+00
  0.43249E+00  0.22675E+01  0.33210E+00
  0.43155E+00  0.22619E+01  0.33059E+00
  0.43061E+00  0.22563E+01  0.32909E+00
  0.42967E+00  0.22506E+01  0.32759E+00
  0.42872E+00  0.22449E+01  0.32609E+00
  0.42778E+00  0.22393E+01  0.32459E+00
  0.42684E+00  0.22336E+01  0.32310E+00
  0.42588E+00  0.22279E+01  0.32162E+00
  0.42493E+00  0.22222E+01  0.32013E+00
  0.42401E+00  0.22167E+01  0.31865E+00
  0.42308E+00  0.22111E+01  0.31717E+00
  0.42215E+00  0.22055E+01  0.31569E+00
  0.42120E+00  0.21999E+01  0.31422E+00
  0.42024E+00  0.21942E+01  0.31275E+00
  0.41932E+00  0.21887E+01  0.31129E+00
  0.41840E+00  0.21832E+01  0.30983E+00
  0.41748E+00  0.21777E+01  0.30837E+00
  0.41653E+00  0.21721E+01  0.30691E+00
  0.41561E+00  0.21666E+01  0.30546E+00
  0.41468E+00  0.21611E+01  0.30401E+00
  0.41377E+00  0.21557E+01  0.30256E+00
  0.41286E+00  0.21502E+01  0.30112E+00
  0.41195E+00  0.21448E+01  0.29968E+00
  0.41105E+00  0.21395E+01  0.29825E+00
  0.41014E+00  0.21341E+01  0.29681E+00
  0.40923E+00  0.21287E+01  0.29538E+00
  0.40834E+00  0.21234E+01  0.29396E+00
  0.40749E+00  0.21184E+01  0.29253E+00
  0.40664E+00  0.21134E+01  0.29111E+00
  0.40577E+00  0.21082E+01  0.28969E+00
  0.40488E+00  0.21030E+01  0.28828E+00
  0.40404E+00  0.20980E+01  0.28687E+00
  0.40319E+00  0.20930E+01  0.28546E+00
  0.40232E+00  0.20879E+01  0.28405E+00
  0.40145E+00  0.20827E+01  0.28265E+00
  0.40056E+00  0.20775E+01  0.28125E+00
  0.39971E+00  0.20725E+01  0.27985E+00
  0.39884E+00  0.20674E+01  0.27846E+00
  0.39797E+00  0.20623E+01  0.27707E+00
  0.39711E+00  0.20572E+01  0.27568E+00
  0.39622E+00  0.20520E+01  0.27430E+00
  0.39532E+00  0.20467E+01  0.27292E+00
  0.39447E+00  0.20417E+01  0.27154E+00
  0.39360E+00  0.20366E+01  0.27016E+00
  0.39272E+00  0.20315E+01  0.26879E+00
  0.39181E+00  0.20261E+01  0.26742E+00
  0.39094E+00  0.20210E+01  0.26605E+00
  0.39007E+00  0.20160E+01  0.26469E+00
  0.38919E+00  0.20108E+01  0.26333E+00
  0.38829E+00  0.20056E+01  0.26197E+00
  0.38740E+00  0.20003E+01  0.26062E+00
  0.38651E+00  0.19952E+01  0.25927E+00
  0.38562E+00  0.19900E+01  0.25792E+00
  0.38474E+00  0.19848E+01  0.25658E+00
  0.38385E+00  0.19797E+01  0.25524E+00
  0.38294E+00  0.19743E+01  0.25390E+00
  0.38203E+00  0.19691E+01  0.25256E+00
  0.38115E+00  0.19640E+01  0.25123E+00
  0.38026E+00  0.19588E+01  0.24990E+00
  0.37935E+00  0.19535E+01  0.24858E+00
  0.37842E+00  0.19481E+01  0.24726E+00
  0.37754E+00  0.19430E+01  0.24594E+00
  0.37665E+00  0.19378E+01  0.24462E+00
  0.37573E+00  0.19325E+01  0.24331E+00
  0.37483E+00  0.19273E+01  0.24200E+00
  0.37390E+00  0.19219E+01  0.24069E+00
  0.37299E+00  0.19166E+01  0.23939E+00
  0.37209E+00  0.19115E+01  0.23809E+00
  0.37119E+00  0.19063E+01  0.23679E+00
  0.37026E+00  0.19009E+01  0.23550E+00
  0.36932E+00  0.18955E+01  0.23421E+00
  0.36843E+00  0.18903E+01  0.23292E+00
  0.36752E+00  0.18851E+01  0.23163E+00
  0.36658E+00  0.18797E+01  0.23035E+00
  0.36566E+00  0.18744E+01  0.22907E+00
  0.36474E+00  0.18691E+01  0.22780E+00
  0.36380E+00  0.18637E+01  0.22653E+00
  0.36289E+00  0.18585E+01  0.22526E+00
  0.36197E+00  0.18532E+01  0.22400E+00
  0.36100E+00  0.18476E+01  0.22273E+00
  0.36009E+00  0.18424E+01  0.22148E+00
  0.35918E+00  0.18372E+01  0.22022E+00
  0.35824E+00  0.18318E+01  0.21897E+00
  0.35729E+00  0.18263E+01  0.21772E+00
  0.35635E+00  0.18210E+01  0.21647E+00
  0.35542E+00  0.18157E+01  0.21523E+00
  0.35448E+00  0.18103E+01  0.21399E+00
  0.35355E+00  0.18050E+01  0.21276E+00
  0.35258E+00  0.17994E+01  0.21153E+00
  0.35164E+00  0.17941E+01  0.21030E+00
  0.35072E+00  0.17888E+01  0.20907E+00
  0.34977E+00  0.17834E+01  0.20785E+00
  0.34880E+00  0.17779E+01  0.20663E+00
  0.34786E+00  0.17726E+01  0.20541E+00
  0.34691E+00  0.17672E+01  0.20420E+00
  0.34597E+00  0.17618E+01  0.20299E+00
  0.34502E+00  0.17565E+01  0.20179E+00
  0.34402E+00  0.17508E+01  0.20058E+00
  0.34310E+00  0.17455E+01  0.19939E+00
  0.34216E+00  0.17402E+01  0.19819E+00
  0.34118E+00  0.17347E+01  0.19700E+00
  0.34022E+00  0.17292E+01  0.19581E+00
  0.33927E+00  0.17239E+01  0.19462E+00
  0.33831E+00  0.17184E+01  0.19344E+00
  0.33737E+00  0.17131E+01  0.19226E+00
  0.33639E+00  0.17076E+01  0.19108E+00
  0.33541E+00  0.17021E+01  0.18991E+00
  0.33447E+00  0.16968E+01  0.18874E+00
  0.33349E+00  0.16912E+01  0.18758E+00
  0.33254E+00  0.16859E+01  0.18642E+00
  0.33155E+00  0.16803E+01  0.18526E+00
  0.33060E+00  0.16750E+01  0.18410E+00
  0.32965E+00  0.16697E+01  0.18295E+00
  0.32866E+00  0.16641E+01  0.18180E+00
  0.32769E+00  0.16586E+01  0.18066E+00
  0.32673E+00  0.16533E+01  0.17951E+00
  0.32577E+00  0.16479E+01  0.17837E+00
  0.32482E+00  0.16425E+01  0.17724E+00
  0.32382E+00  0.16369E+01  0.17611E+00
  0.32287E+00  0.16316E+01  0.17498E+00
  0.32189E+00  0.16261E+01  0.17385E+00
  0.32096E+00  0.16209E+01  0.17273E+00
  0.31998E+00  0.16155E+01  0.17161E+00
  0.31901E+00  0.16100E+01  0.17050E+00
  0.31807E+00  0.16048E+01  0.16939E+00
  0.31710E+00  0.15994E+01  0.16828E+00
  0.31616E+00  0.15941E+01  0.16717E+00
  0.31517E+00  0.15886E+01  0.16607E+00
  0.31425E+00  0.15835E+01  0.16497E+00
  0.31330E+00  0.15782E+01  0.16388E+00
  0.31238E+00  0.15731E+01  0.16279E+00
  0.31143E+00  0.15678E+01  0.16170E+00
  0.31051E+00  0.15627E+01  0.16061E+00
  0.30960E+00  0.15577E+01  0.15953E+00
  0.30870E+00  0.15527E+01  0.15845E+00
  0.30783E+00  0.15478E+01  0.15738E+00
  0.30692E+00  0.15429E+01  0.15630E+00
  0.30612E+00  0.15384E+01  0.15523E+00
  0.30538E+00  0.15343E+01  0.15417E+00
  0.30466E+00  0.15304E+01  0.15310E+00
  0.30395E+00  0.15264E+01  0.15204E+00
  0.30322E+00  0.15224E+01  0.15098E+00
  0.30249E+00  0.15184E+01  0.14992E+00
  0.30176E+00  0.15143E+01  0.14887E+00
  0.30099E+00  0.15101E+01  0.14782E+00
  0.30027E+00  0.15061E+01  0.14677E+00
  0.29954E+00  0.15021E+01  0.14572E+00
  0.29881E+00  0.14981E+01  0.14468E+00
  0.29807E+00  0.14940E+01  0.14364E+00
  0.29732E+00  0.14899E+01  0.14260E+00
  0.29658E+00  0.14858E+01  0.14156E+00
  0.29584E+00  0.14818E+01  0.14053E+00
  0.29509E+00  0.14776E+01  0.13950E+00
  0.29435E+00  0.14736E+01  0.13847E+00
  0.29360E+00  0.14695E+01  0.13744E+00
  0.29285E+00  0.14654E+01  0.13642E+00
  0.29209E+00  0.14613E+01  0.13540E+00
  0.29133E+00  0.14571E+01  0.13438E+00
  0.29058E+00  0.14530E+01  0.13337E+00
  0.28982E+00  0.14489E+01  0.13235E+00
  0.28905E+00  0.14447E+01  0.13134E+00
  0.28829E+00  0.14405E+01  0.13034E+00
  0.28752E+00  0.14363E+01  0.12933E+00
  0.28677E+00  0.14322E+01  0.12833E+00
  0.28601E+00  0.14281E+01  0.12733E+00
  0.28525E+00  0.14240E+01  0.12633E+00
  0.28448E+00  0.14198E+01  0.12534E+00
  0.28369E+00  0.14155E+01  0.12435E+00
  0.28290E+00  0.14112E+01  0.12336E+00
  0.28213E+00  0.14070E+01  0.12237E+00
  0.28136E+00  0.14029E+01  0.12139E+00
  0.28059E+00  0.13987E+01  0.12041E+00
  0.27980E+00  0.13944E+01  0.11943E+00
  0.27900E+00  0.13901E+01  0.11846E+00
  0.27821E+00  0.13858E+01  0.11748E+00
  0.27743E+00  0.13816E+01  0.11651E+00
  0.27665E+00  0.13774E+01  0.11555E+00
  0.27586E+00  0.13731E+01  0.11458E+00
  0.27507E+00  0.13689E+01  0.11362E+00
  0.27427E+00  0.13646E+01  0.11266E+00
  0.27345E+00  0.13602E+01  0.11171E+00
  0.27266E+00  0.13559E+01  0.11076E+00
  0.27185E+00  0.13515E+01  0.10981E+00
  0.27105E+00  0.13472E+01  0.10886E+00
  0.27024E+00  0.13429E+01  0.10791E+00
  0.26942E+00  0.13385E+01  0.10697E+00
  0.26862E+00  0.13342E+01  0.10603E+00
  0.26782E+00  0.13299E+01  0.10510E+00
  0.26700E+00  0.13255E+01  0.10416E+00
  0.26617E+00  0.13211E+01  0.10323E+00
  0.26535E+00  0.13167E+01  0.10231E+00
  0.26451E+00  0.13122E+01  0.10138E+00
  0.26370E+00  0.13079E+01  0.10046E+00
  0.26288E+00  0.13035E+01  0.99542E-01
  0.26205E+00  0.12991E+01  0.98626E-01
  0.26120E+00  0.12946E+01  0.97713E-01
  0.26034E+00  0.12900E+01  0.96803E-01
  0.25952E+00  0.12856E+01  0.95896E-01
  0.25870E+00  0.12812E+01  0.94992E-01
  0.25786E+00  0.12768E+01  0.94090E-01
  0.25702E+00  0.12723E+01  0.93192E-01
  0.25616E+00  0.12677E+01  0.92297E-01
  0.25529E+00  0.12631E+01  0.91404E-01
  0.25444E+00  0.12586E+01  0.90515E-01
  0.25359E+00  0.12541E+01  0.89628E-01
  0.25274E+00  0.12496E+01  0.88745E-01
  0.25186E+00  0.12449E+01  0.87865E-01
  0.25100E+00  0.12404E+01  0.86987E-01
  0.25015E+00  0.12359E+01  0.86113E-01
  0.24928E+00  0.12313E+01  0.85241E-01
  0.24840E+00  0.12267E+01  0.84373E-01
  0.24753E+00  0.12221E+01  0.83508E-01
  0.24663E+00  0.12173E+01  0.82646E-01
  0.24576E+00  0.12127E+01  0.81786E-01
  0.24489E+00  0.12081E+01  0.80930E-01
  0.24400E+00  0.12035E+01  0.80077E-01
  0.24308E+00  0.11986E+01  0.79227E-01
  0.24219E+00  0.11940E+01  0.78381E-01
  0.24131E+00  0.11893E+01  0.77537E-01
  0.24043E+00  0.11847E+01  0.76697E-01
  0.23953E+00  0.11800E+01  0.75859E-01
  0.23862E+00  0.11752E+01  0.75025E-01
  0.23768E+00  0.11703E+01  0.74194E-01
  0.23678E+00  0.11656E+01  0.73366E-01
  0.23587E+00  0.11608E+01  0.72541E-01
  0.23496E+00  0.11561E+01  0.71720E-01
  0.23402E+00  0.11512E+01  0.70902E-01
  0.23310E+00  0.11464E+01  0.70087E-01
  0.23218E+00  0.11416E+01  0.69275E-01
  0.23125E+00  0.11367E+01  0.68466E-01
  0.23033E+00  0.11319E+01  0.67661E-01
  0.22938E+00  0.11270E+01  0.66859E-01
  0.22843E+00  0.11220E+01  0.66060E-01
  0.22749E+00  0.11171E+01  0.65264E-01
  0.22654E+00  0.11122E+01  0.64472E-01
  0.22557E+00  0.11072E+01  0.63683E-01
  0.22461E+00  0.11022E+01  0.62898E-01
  0.22367E+00  0.10973E+01  0.62116E-01
  0.22272E+00  0.10924E+01  0.61337E-01
  0.22176E+00  0.10874E+01  0.60562E-01
  0.22078E+00  0.10823E+01  0.59789E-01
  0.21976E+00  0.10771E+01  0.59021E-01
  0.21880E+00  0.10721E+01  0.58256E-01
  0.21783E+00  0.10671E+01  0.57494E-01
  0.21684E+00  0.10620E+01  0.56735E-01
  0.21583E+00  0.10568E+01  0.55980E-01
  0.21484E+00  0.10517E+01  0.55229E-01
  0.21385E+00  0.10466E+01  0.54481E-01
  0.21286E+00  0.10415E+01  0.53737E-01
  0.21185E+00  0.10363E+01  0.52996E-01
  0.21081E+00  0.10309E+01  0.52258E-01
  0.20980E+00  0.10258E+01  0.51524E-01
  0.20878E+00  0.10205E+01  0.50794E-01
  0.20774E+00  0.10152E+01  0.50067E-01
  0.20670E+00  0.10098E+01  0.49344E-01
  0.20569E+00  0.10047E+01  0.48625E-01
  0.20466E+00  0.99941E+00  0.47909E-01
  0.20362E+00  0.99408E+00  0.47196E-01
  0.20254E+00  0.98855E+00  0.46488E-01
  0.20147E+00  0.98311E+00  0.45783E-01
  0.20043E+00  0.97780E+00  0.45081E-01
  0.19937E+00  0.97240E+00  0.44384E-01
  0.19828E+00  0.96681E+00  0.43690E-01
  0.19720E+00  0.96133E+00  0.43000E-01
  0.19613E+00  0.95588E+00  0.42314E-01
  0.19506E+00  0.95044E+00  0.41631E-01
  0.19397E+00  0.94490E+00  0.40952E-01
  0.19284E+00  0.93914E+00  0.40278E-01
  0.19175E+00  0.93361E+00  0.39607E-01
  0.19063E+00  0.92794E+00  0.38939E-01
  0.18951E+00  0.92225E+00  0.38276E-01
