     0.112003564178479E+01     0.846537997761161E+01     0.345426680514022E+01
     0.111902826530143E+01     0.845625427296186E+01     0.344986121434320E+01
     0.111802014996261E+01     0.844712110471977E+01     0.344545448598261E+01
     0.111701128438803E+01     0.843798034006554E+01     0.344104658205867E+01
     0.111600165686651E+01     0.842883184296205E+01     0.343663746410508E+01
     0.111499125534105E+01     0.841967547401542E+01     0.343222709317360E+01
     0.111398006739314E+01     0.841051109032690E+01     0.342781542981764E+01
     0.111296808022588E+01     0.840133854533523E+01     0.342340243407447E+01
     0.111195528064604E+01     0.839215768864858E+01     0.341898806544603E+01
     0.111094165504516E+01     0.838296836586670E+01     0.341457228288002E+01
     0.110992718937897E+01     0.837377041838965E+01     0.341015504474705E+01
     0.110891186914598E+01     0.836456368321564E+01     0.340573630881943E+01
     0.110789567936418E+01     0.835534799272383E+01     0.340131603224612E+01
     0.110687860454635E+01     0.834612317444286E+01     0.339689417152720E+01
     0.110586062867360E+01     0.833688905080320E+01     0.339247068248634E+01
     0.110484173516705E+01     0.832764543887189E+01     0.338804552024133E+01
     0.110382190685741E+01     0.831839215006818E+01     0.338361863917234E+01
     0.110280112595241E+01     0.830912898985869E+01     0.337918999288840E+01
     0.110177937400185E+01     0.829985575742985E+01     0.337475953419117E+01
     0.110075663185976E+01     0.829057224533515E+01     0.337032721503536E+01
     0.109973287964407E+01     0.828127823911646E+01     0.336589298648779E+01
     0.109870809669271E+01     0.827197351689470E+01     0.336145679868163E+01
     0.109768226151643E+01     0.826265784892849E+01     0.335701860076774E+01
     0.109665535174781E+01     0.825333099713731E+01     0.335257834086238E+01
     0.109562734408609E+01     0.824399271458545E+01     0.334813596599081E+01
     0.109459821423716E+01     0.823464274492222E+01     0.334369142202523E+01
     0.109356793684860E+01     0.822528082177472E+01     0.333924465361834E+01
     0.109253648543914E+01     0.821590666808819E+01     0.333479560413151E+01
     0.109150383232151E+01     0.820651999540675E+01     0.333034421555542E+01
     0.109046994851871E+01     0.819712050309031E+01     0.332589042842520E+01
     0.108943480367213E+01     0.818770787745784E+01     0.332143418172620E+01
     0.108839836594130E+01     0.817828179085108E+01     0.331697541279272E+01
     0.108736060189379E+01     0.816884190060691E+01     0.331251405719557E+01
     0.108632147638427E+01     0.815938784792935E+01     0.330805004861981E+01
     0.108528095242138E+01     0.814991925664748E+01     0.330358331872976E+01
     0.108423899102083E+01     0.814043573184542E+01     0.329911379702011E+01
     0.108319555104301E+01     0.813093685834819E+01     0.329464141065220E+01
     0.108215058901306E+01     0.812142219904400E+01     0.329016608427256E+01
     0.108110405892094E+01     0.811189129302090E+01     0.328568773981157E+01
     0.108005591199874E+01     0.810234365349193E+01     0.328120629625924E+01
     0.107900609647225E+01     0.809277876547954E+01     0.327672166941635E+01
     0.107795455728244E+01     0.808319608322256E+01     0.327223377161487E+01
     0.107690123577323E+01     0.807359502726628E+01     0.326774251140632E+01
     0.107584606933907E+01     0.806397498118360E+01     0.326324779320857E+01
     0.107478899102746E+01     0.805433528787270E+01     0.325874951691019E+01
     0.107372992908772E+01     0.804467524535861E+01     0.325424757742061E+01
     0.107266880645760E+01     0.803499410201669E+01     0.324974186415918E+01
     0.107160554017717E+01     0.802529105111798E+01     0.324523226047411E+01
     0.107054004071605E+01     0.801556522457603E+01     0.324071864297476E+01
     0.106947221119900E+01     0.800581568574127E+01     0.323620088076633E+01
     0.106840194650926E+01     0.799604142106819E+01     0.323167883456300E+01
     0.106732913224624E+01     0.798624133042660E+01     0.322715235566031E+01
     0.106625364350704E+01     0.797641421577880E+01     0.322262128473555E+01
     0.106517534345388E+01     0.796655876787160E+01     0.321808545043872E+01
     0.106409408162022E+01     0.795667355050268E+01     0.321354466773066E+01
     0.106300969189429E+01     0.794675698179604E+01     0.320899873590665E+01
     0.106192199010205E+01     0.793680731176265E+01     0.320444743623240E+01
     0.106083077108784E+01     0.792682259520334E+01     0.319989052909338E+01
     0.105973580515873E+01     0.791680065871455E+01     0.319532775052782E+01
     0.105863683371477E+01     0.790673906014937E+01     0.319075880797248E+01
     0.105753356382617E+01     0.789663503831514E+01     0.318618337499797E+01
     0.105642566142680E+01     0.788648544986243E+01     0.318160108469975E+01
     0.105531274267120E+01     0.787628668915107E+01     0.317701152133345E+01
     0.105419436280763E+01     0.786603458511449E+01     0.317241420955887E+01
     0.105307000163436E+01     0.785572426649833E+01     0.316780860039566E+01
     0.105193904416942E+01     0.784534998276210E+01     0.316319405260879E+01
     0.105080075444727E+01     0.783490486138224E+01     0.315856980749858E+01
     0.104965423920723E+01     0.782438057158637E+01     0.315393495404385E+01
     0.104849839624730E+01     0.781376684623060E+01     0.314928837937610E+01
     0.104733183872098E+01     0.780305078106859E+01     0.314462869635806E+01
     0.104615278005891E+01     0.779221576985489E+01     0.313995413363476E+01
     0.104495885118865E+01     0.778123981332064E+01     0.313526236132414E+01
     0.104374679391228E+01     0.777009268306794E+01     0.313055019910160E+01
     0.104251190930195E+01     0.775873082069747E+01     0.312581309195640E+01
     0.104124696871690E+01     0.774708726999755E+01     0.312104407701818E+01
     0.103993976359478E+01     0.773504902977665E+01     0.311623146306581E+01
     0.103858837790998E+01     0.772259764571765E+01     0.311137262098112E+01
     0.103762952185727E+01     0.771375951212506E+01     0.310686892366458E+01
     0.103667002113250E+01     0.770491312225841E+01     0.310236231873547E+01
     0.103570986772775E+01     0.769605837730904E+01     0.309785277155021E+01
     0.103474905344412E+01     0.768719517664304E+01     0.309334024716396E+01
     0.103378756988503E+01     0.767832341773578E+01     0.308882471032191E+01
     0.103282540844951E+01     0.766944299610456E+01     0.308430612545204E+01
     0.103186256032162E+01     0.766055380522330E+01     0.307978445663428E+01
     0.103089901646792E+01     0.765165573646783E+01     0.307525966762434E+01
     0.102993476762353E+01     0.764274867901247E+01     0.307073172180486E+01
     0.102896980428584E+01     0.763383251975508E+01     0.306620058218872E+01
     0.102800411670456E+01     0.762490714322472E+01     0.306166621140082E+01
     0.102703769487174E+01     0.761597243148637E+01     0.305712857166222E+01
     0.102607052851144E+01     0.760702826404084E+01     0.305258762477406E+01
     0.102510260706853E+01     0.759807451771853E+01     0.304804333209947E+01
     0.102413391969706E+01     0.758911106656736E+01     0.304349565454496E+01
     0.102316445524795E+01     0.758013778173458E+01     0.303894455254077E+01
     0.102219420225602E+01     0.757115453134188E+01     0.303438998602055E+01
     0.102122314892663E+01     0.756216118035456E+01     0.302983191440186E+01
     0.102025128311882E+01     0.755315759043179E+01     0.302527029654785E+01
     0.101923969256204E+01     0.754378304886235E+01     0.302066473153863E+01
     0.101819041549622E+01     0.753405583921609E+01     0.301601677872498E+01
     0.101716042446229E+01     0.752450403674805E+01     0.301138555685679E+01
     0.101613896975454E+01     0.751502811376689E+01     0.300676001330023E+01
     0.101512238133055E+01     0.750559409253764E+01     0.300213636945773E+01
     0.101410887073056E+01     0.749618540993165E+01     0.299751277463546E+01
     0.101309740214173E+01     0.748679246623647E+01     0.299288814725994E+01
     0.101208730848269E+01     0.747740907195077E+01     0.298826178150575E+01
     0.101107812745747E+01     0.746803093080175E+01     0.298363317958877E+01
     0.101006952072262E+01     0.745865489197643E+01     0.297900196920519E+01
     0.100906122981781E+01     0.744927854253721E+01     0.297436785857912E+01
     0.100805305027271E+01     0.743989996798930E+01     0.296973061008573E+01
     0.100704481547970E+01     0.743051760318008E+01     0.296509002383612E+01
     0.100603638616641E+01     0.742113013498604E+01     0.296044592696629E+01
     0.100502764325155E+01     0.741173643627976E+01     0.295579816636777E+01
     0.100401848283383E+01     0.740233551961538E+01     0.295114660358439E+01
     0.100300881257434E+01     0.739292650379273E+01     0.294649111111952E+01
     0.100199854901748E+01     0.738350858909089E+01     0.294183156969318E+01
     0.100098761555935E+01     0.737408103848257E+01     0.293716786615013E+01
     0.999975940872561E+00     0.736464316306279E+01     0.293249989182443E+01
     0.998963457658821E+00     0.735519431050052E+01     0.292782754123198E+01
     0.997950101639387E+00     0.734573385568363E+01     0.292315071099666E+01
     0.996935810719232E+00     0.733626119296809E+01     0.291846929894063E+01
     0.995920524283068E+00     0.732677572962334E+01     0.291378320331949E+01
     0.994904182579730E+00     0.731727688011703E+01     0.290909232210377E+01
     0.993886726180500E+00     0.730776406104848E+01     0.290439655235828E+01
     0.992868095481872E+00     0.729823668650209E+01     0.289969578963545E+01
     0.991848230242142E+00     0.728869416369273E+01     0.289498992740498E+01
     0.990827069132881E+00     0.727913588875207E+01     0.289027885646902E+01
     0.989804549297302E+00     0.726956124255977E+01     0.288556246437782E+01
     0.988780605903762E+00     0.725996958651198E+01     0.288084063482806E+01
     0.987755171676905E+00     0.725036025809488E+01     0.287611324698604E+01
     0.986728176407900E+00     0.724073256621329E+01     0.287138017480626E+01
     0.985699546419808E+00     0.723108578610701E+01     0.286664128624894E+01
     0.984669203978743E+00     0.722141915374480E+01     0.286189644240524E+01
     0.983637066637104E+00     0.721173185955508E+01     0.285714549652175E+01
     0.982603046487179E+00     0.720202304130110E+01     0.285238829287684E+01
     0.981567049302710E+00     0.719229177588341E+01     0.284762466547992E+01
     0.980528973540787E+00     0.718253706980013E+01     0.284285443655782E+01
     0.979488709165084E+00     0.717275784790453E+01     0.283807741475874E+01
     0.978446136245200E+00     0.716295294001790E+01     0.283329339301660E+01
     0.977401123268663E+00     0.715312106479880E+01     0.282850214597380E+01
     0.976353525082312E+00     0.714326081007687E+01     0.282370342683505E+01
     0.975303180355266E+00     0.713337060860209E+01     0.281889696351234E+01
     0.974249908396825E+00     0.712344870768146E+01     0.281408245374700E+01
     0.973193505133040E+00     0.711349313073391E+01     0.280925955901843E+01
     0.972133737910741E+00     0.710350162771347E+01     0.280442789663051E+01
     0.971070338691495E+00     0.709347161015916E+01     0.279958702939863E+01
     0.970002994952357E+00     0.708340006438403E+01     0.279473645189453E+01
     0.968931337233632E+00     0.707328343276936E+01     0.278987557160350E+01
     0.967854921685414E+00     0.706311744736199E+01     0.278500368265241E+01
     0.966773204820671E+00     0.705289688931113E+01     0.278011992782221E+01
     0.965685505689084E+00     0.704261522854775E+01     0.277522324177606E+01
     0.964590946690710E+00     0.703226406020291E+01     0.277031226239648E+01
     0.963545990857078E+00     0.702237767044107E+01     0.276546701422444E+01
     0.962509452017967E+00     0.701256687566065E+01     0.276062964105419E+01
     0.961470821029504E+00     0.700273223661694E+01     0.275578524131220E+01
     0.960430016554162E+00     0.699287294765227E+01     0.275093365558354E+01
     0.959386951574068E+00     0.698298814793830E+01     0.274607471433748E+01
     0.958341532785330E+00     0.697307691559521E+01     0.274120823684863E+01
     0.957293659907874E+00     0.696313826099106E+01     0.273633402996806E+01
     0.956243224895858E+00     0.695317111907637E+01     0.273145188671849E+01
     0.955190111030331E+00     0.694317434057690E+01     0.272656158468044E+01
     0.954134191872515E+00     0.693314668183034E+01     0.272166288413508E+01
     0.953075330046513E+00     0.692308679299217E+01     0.271675552588842E+01
     0.952013375826318E+00     0.691299320430231E+01     0.271183922878016E+01
     0.950948165473277E+00     0.690286430997392E+01     0.270691368672206E+01
     0.949879519278737E+00     0.689269834920629E+01     0.270197856522970E+01
     0.948807239240783E+00     0.688249338365657E+01     0.269703349730593E+01
     0.947731106288166E+00     0.687224727052704E+01     0.269207807852439E+01
     0.946650876939286E+00     0.686195763018038E+01     0.268711186111841E+01
     0.945566279248244E+00     0.685162180685340E+01     0.268213434681304E+01
     0.944477007843487E+00     0.684123682058509E+01     0.267714497806149E+01
     0.943382717796497E+00     0.683079930782383E+01     0.267214312722112E+01
     0.942283016966327E+00     0.682030544728166E+01     0.266712808305397E+01
     0.941177456327589E+00     0.680975086628146E+01     0.266209903368218E+01
     0.940065517594051E+00     0.679913052093983E+01     0.265705504479991E+01
     0.938946597150800E+00     0.678843854064712E+01     0.265199503141090E+01
     0.937819984852249E+00     0.677766802290559E+01     0.264691772056309E+01
     0.936684835531227E+00     0.676681075767906E+01     0.264182160133207E+01
     0.935540129893469E+00     0.675585684914760E+01     0.263670485621860E+01
     0.934384619530351E+00     0.674479418395387E+01     0.263156526478447E+01
     0.933216747370906E+00     0.673360766211476E+01     0.262640006437132E+01
     0.932034528670186E+00     0.672227804664772E+01     0.262120574192220E+01
     0.930835365596014E+00     0.671078017174614E+01     0.261597770997786E+01
     0.929615743592943E+00     0.669908000915446E+01     0.261070977657771E+01
     0.928370701846598E+00     0.668712955315439E+01     0.260539322169894E+01
     0.927092830585440E+00     0.667485713734092E+01     0.260001505020667E+01
     0.925792312811304E+00     0.666235999163585E+01     0.259459172827644E+01
     0.924873974041189E+00     0.665353143742545E+01     0.258980882099874E+01
     0.923955220488374E+00     0.664469620923117E+01     0.258502252475431E+01
     0.923036045028699E+00     0.663585424153214E+01     0.258023282896752E+01
     0.922116440378927E+00     0.662700546745460E+01     0.257543972292394E+01
     0.921196399087733E+00     0.661814981868716E+01     0.257064319574982E+01
     0.920275913526867E+00     0.660928722539514E+01     0.256584323639445E+01
     0.919354975882005E+00     0.660041761613130E+01     0.256103983361217E+01
     0.918433578143034E+00     0.659154091774153E+01     0.255623297594256E+01
     0.917511712093810E+00     0.658265705526557E+01     0.255142265168913E+01
     0.916589369301660E+00     0.657376595183396E+01     0.254660884889862E+01
     0.915666541106004E+00     0.656486752855765E+01     0.254179155533671E+01
     0.914743218606528E+00     0.655596170441266E+01     0.253697075846362E+01
     0.913819392650808E+00     0.654704839611859E+01     0.253214644540853E+01
     0.912895053821074E+00     0.653812751800954E+01     0.252731860294167E+01
     0.911970192420218E+00     0.652919898189737E+01     0.252248721744445E+01
     0.911044798456732E+00     0.652026269692575E+01     0.251765227487589E+01
     0.910118861630549E+00     0.651131856942431E+01     0.251281376075026E+01
     0.909192371314249E+00     0.650236650273493E+01     0.250797166008545E+01
     0.908265316536906E+00     0.649340639704617E+01     0.250312595737595E+01
     0.907337685964904E+00     0.648443814920702E+01     0.249827663654943E+01
     0.906409467881970E+00     0.647546165253078E+01     0.249342368092372E+01
     0.905480650167938E+00     0.646647679658622E+01     0.248856707316105E+01
     0.904551220276071E+00     0.645748346697433E+01     0.248370679521910E+01
     0.903621165208569E+00     0.644848154508850E+01     0.247884282829688E+01
     0.902690471490829E+00     0.643947090786015E+01     0.247397515277970E+01
     0.901759125143372E+00     0.643045142748350E+01     0.246910374817690E+01
     0.900827111652202E+00     0.642142297112277E+01     0.246422859305797E+01
     0.899894415936522E+00     0.641238540059530E+01     0.245934966498098E+01
     0.898961022314342E+00     0.640333857203222E+01     0.245446694041746E+01
     0.898026914465272E+00     0.639428233551226E+01     0.244958039467054E+01
     0.897092075390533E+00     0.638521653466731E+01     0.244469000178715E+01
     0.896156487369558E+00     0.637614100625535E+01     0.243979573446190E+01
     0.895220131913343E+00     0.636705557969995E+01     0.243489756393478E+01
     0.894282989713609E+00     0.635796007658981E+01     0.242999545987820E+01
     0.893345040587926E+00     0.634885431013726E+01     0.242508939027619E+01
     0.892406263419979E+00     0.633973808458923E+01     0.242017932129220E+01
     0.891466636094438E+00     0.633061119458551E+01     0.241526521712437E+01
     0.890526135426306E+00     0.632147342446099E+01     0.241034703984996E+01
     0.889584737083274E+00     0.631232454748106E+01     0.240542474925201E+01
     0.888642415501276E+00     0.630316432500761E+01     0.240049830263301E+01
     0.887699143791584E+00     0.629399250558314E+01     0.239556765460819E+01
     0.886754893638903E+00     0.628480882392550E+01     0.239063275687930E+01
     0.885809635189282E+00     0.627561299982181E+01     0.238569355798591E+01
     0.884863336926294E+00     0.626640473690761E+01     0.238075000302969E+01
     0.883915965534535E+00     0.625718372131933E+01     0.237580203337188E+01
     0.882967485747972E+00     0.624794962019910E+01     0.237084958629531E+01
     0.882017860181780E+00     0.623870208003564E+01     0.236589259463060E+01
     0.881067049145233E+00     0.622944072481774E+01     0.236093098634072E+01
     0.880115010432461E+00     0.622016515397095E+01     0.235596468405476E+01
     0.879161699088899E+00     0.621087494005160E+01     0.235099360455065E+01
     0.878207067146796E+00     0.620156962614512E+01     0.234601765815863E+01
     0.877251063331756E+00     0.619224872296075E+01     0.234103674812025E+01
     0.876293632726675E+00     0.618291170552381E+01     0.233605076983282E+01
     0.875334716392936E+00     0.617355800943797E+01     0.233105961000857E+01
     0.874374250938907E+00     0.616418702662941E+01     0.232606314571464E+01
     0.873412168026806E+00     0.615479810048439E+01     0.232106124327542E+01
     0.872448393807199E+00     0.614539052027281E+01     0.231605375701449E+01
     0.871478057108799E+00     0.613591672317550E+01     0.231103074496229E+01
     0.870505424724187E+00     0.612641835061105E+01     0.230600088226799E+01
     0.869530359450360E+00     0.611689406754559E+01     0.230096388467798E+01
     0.868552691725671E+00     0.610734222166045E+01     0.229591939937721E+01
     0.867572230537750E+00     0.609776094958989E+01     0.229086702669694E+01
     0.866588759378672E+00     0.608814813709731E+01     0.228580631125559E+01
     0.865602031163139E+00     0.607850136905372E+01     0.228073673082519E+01
     0.864611761763979E+00     0.606881786582607E+01     0.227565768216119E+01
     0.863617621680887E+00     0.605909440128964E+01     0.227056846275924E+01
     0.862619225130447E+00     0.604932719549156E+01     0.226546824695834E+01
     0.861616115516377E+00     0.603951177169721E+01     0.226035605414299E+01
     0.860607745683136E+00     0.602964276216043E+01     0.225523070552066E+01
     0.859593450472297E+00     0.601971363819467E+01     0.225009076408730E+01
     0.858572407553221E+00     0.600971632497052E+01     0.224493444896199E+01
     0.857543579754098E+00     0.599964063445204E+01     0.223975950930615E+01
     0.856505626938314E+00     0.598947339897651E+01     0.223456303173018E+01
     0.855456765096583E+00     0.597919708606295E+01     0.222934113243573E+01
     0.854394527951956E+00     0.596878745514634E+01     0.222408843659080E+01
     0.853315333219436E+00     0.595820929484368E+01     0.221879713138666E+01
     0.852213612875635E+00     0.594740787645946E+01     0.221345506805788E+01
     0.851079810577536E+00     0.593628927834194E+01     0.220804139336769E+01
     0.849894656861277E+00     0.592466414718268E+01     0.220251406668955E+01
     0.848604441426035E+00     0.591200482094460E+01     0.219675596650449E+01
     0.847109893937652E+00     0.589733515237694E+01     0.219054975276308E+01
     0.846226954284974E+00     0.588866656276032E+01     0.218567133163842E+01
     0.845343755192125E+00     0.587999462723506E+01     0.218079154599909E+01
     0.844460290673628E+00     0.587131931334525E+01     0.217591040817467E+01
     0.843576554390447E+00     0.586264058538260E+01     0.217102792989629E+01
     0.842692539616862E+00     0.585395840405947E+01     0.216614412221763E+01
     0.841808239206341E+00     0.584527272616508E+01     0.216125899544572E+01
     0.840923645545084E+00     0.583658350412342E+01     0.215637255901142E+01
     0.840038750510618E+00     0.582789068556775E+01     0.215148482139584E+01
     0.839153545414074E+00     0.581919421278497E+01     0.214659578997681E+01
     0.838268020941559E+00     0.581049402213128E+01     0.214170547090101E+01
     0.837382167083858E+00     0.580179004334170E+01     0.213681386891678E+01
     0.836495973056087E+00     0.579308219873989E+01     0.213192098718506E+01
     0.835609427205407E+00     0.578437040232752E+01     0.212702682706529E+01
     0.834722516904826E+00     0.577565455872954E+01     0.212213138787435E+01
     0.833835228423173E+00     0.576693456193898E+01     0.211723466656120E+01
     0.832947546782601E+00     0.575821029388477E+01     0.211233665739971E+01
     0.832059455580014E+00     0.574948162269207E+01     0.210743735155356E+01
     0.831170936781041E+00     0.574074840064578E+01     0.210253673660438E+01
     0.830281970469391E+00     0.573201046172639E+01     0.209763479596251E+01
     0.829392534545088E+00     0.572326761863912E+01     0.209273150816377E+01
     0.828502604354577E+00     0.571451965917563E+01     0.208782684600135E+01
     0.827612152239658E+00     0.570576634176488E+01     0.208292077548718E+01
     0.826721146967837E+00     0.569700738987648E+01     0.207801325450813E+01
     0.825829553019962E+00     0.568824248501139E+01     0.207310423116807E+01
     0.824937329678518E+00     0.567947125772615E+01     0.206819364166218E+01
     0.824044429846784E+00     0.567069327601074E+01     0.206328140752721E+01
     0.823150798489141E+00     0.566190802995032E+01     0.205836743199663E+01
     0.822256370539322E+00     0.565311491113823E+01     0.205345159513017E+01
     0.821361068023502E+00     0.564431318438730E+01     0.204853374709254E+01
     0.820464796018642E+00     0.563550194794710E+01     0.204361369875388E+01
     0.819567436779689E+00     0.562668007575973E+01     0.203869120797535E+01
     0.818668840931427E+00     0.561784613080418E+01     0.203376595909580E+01
     0.817768813659151E+00     0.560899822928714E+01     0.202883753073395E+01
     0.816867091913468E+00     0.560013381644982E+01     0.202390534267079E+01
     0.815971037828421E+00     0.559132529956468E+01     0.201898643466891E+01
     0.815086507155462E+00     0.558263031778272E+01     0.201409440698447E+01
     0.814201728369853E+00     0.557393319827164E+01     0.200920210614919E+01
     0.813316694870803E+00     0.556523391037158E+01     0.200430955021612E+01
     0.812431399583864E+00     0.555653241897573E+01     0.199941675630685E+01
     0.811545834910145E+00     0.554782868403825E+01     0.199452374048390E+01
     0.810659992671730E+00     0.553912266002794E+01     0.198963051762882E+01
     0.809773864043887E+00     0.553041429528093E+01     0.198473710126407E+01
     0.808887439483776E+00     0.552170353128550E+01     0.197984350339588E+01
     0.808000708643450E+00     0.551299030183685E+01     0.197494973429866E+01
     0.807113660270869E+00     0.550427453206581E+01     0.197005580227849E+01
     0.806226282095470E+00     0.549555613731105E+01     0.196516171340416E+01
     0.805346588058418E+00     0.548691389310076E+01     0.196028629984232E+01
     0.804467877615094E+00     0.547828201673453E+01     0.195541389694352E+01
     0.803589120714860E+00     0.546965042441423E+01     0.195054212527190E+01
     0.802710318238153E+00     0.546101916070204E+01     0.194567102265117E+01
     0.801831471084769E+00     0.545238827050230E+01     0.194080062710837E+01
     0.800952580174284E+00     0.544375779906329E+01     0.193593097687326E+01
     0.800073646446443E+00     0.543512779197873E+01     0.193106211037752E+01
     0.799194670861381E+00     0.542649829518842E+01     0.192619406625265E+01
     0.798315654400112E+00     0.541786935498040E+01     0.192132688332972E+01
     0.797436598064957E+00     0.540924101799267E+01     0.191646060063852E+01
     0.796557502879815E+00     0.540061333121422E+01     0.191159525740567E+01
     0.795678369890588E+00     0.539198634198675E+01     0.190673089305368E+01
     0.794799200165689E+00     0.538336009800699E+01     0.190186754720047E+01
     0.793919994796360E+00     0.537473464732796E+01     0.189700525965754E+01
     0.793040754897171E+00     0.536611003836116E+01     0.189214407042929E+01
     0.792161481606465E+00     0.535748631987861E+01     0.188728401971194E+01
     0.791282176086809E+00     0.534886354101484E+01     0.188242514789229E+01
     0.790402839525440E+00     0.534024175126891E+01     0.187756749554652E+01
     0.789523473134808E+00     0.533162100050702E+01     0.187271110343945E+01
     0.788644078153026E+00     0.532300133896456E+01     0.186785601252308E+01
     0.787764655844429E+00     0.531438281724882E+01     0.186300226393591E+01
     0.786885207500084E+00     0.530576548634149E+01     0.185814989900164E+01
     0.786005734438277E+00     0.529714939760100E+01     0.185329895922778E+01
     0.785126238005166E+00     0.528853460276585E+01     0.184844948630525E+01
     0.784246719575322E+00     0.527992115395731E+01     0.184360152210703E+01
     0.783367180552284E+00     0.527130910368227E+01     0.183875510868695E+01
     0.782487622369206E+00     0.526269850483667E+01     0.183391028827890E+01
     0.781608046489438E+00     0.525408941070844E+01     0.182906710329552E+01
     0.780728454407289E+00     0.524548187498171E+01     0.182422559632799E+01
     0.779848847648524E+00     0.523687595173942E+01     0.181938581014391E+01
     0.778969227771153E+00     0.522827169546764E+01     0.181454778768712E+01
     0.778089596366101E+00     0.521966916105933E+01     0.180971157207644E+01
     0.777209955057973E+00     0.521106840381856E+01     0.180487720660504E+01
     0.776330305505757E+00     0.520246947946460E+01     0.180004473473929E+01
     0.775450649403550E+00     0.519387244413600E+01     0.179521420011752E+01
     0.774570988481479E+00     0.518527735439595E+01     0.179038564655002E+01
     0.773691324506432E+00     0.517668426723665E+01     0.178555911801767E+01
     0.772811659282847E+00     0.516809324008392E+01     0.178073465867073E+01
     0.771931994653764E+00     0.515950433080352E+01     0.177591231282929E+01
     0.771052332501494E+00     0.515091759770526E+01     0.177109212498101E+01
     0.770172674748763E+00     0.514233309954998E+01     0.176627413978185E+01
     0.769293023359506E+00     0.513375089555446E+01     0.176145840205431E+01
     0.768413380339940E+00     0.512517104539815E+01     0.175664495678738E+01
     0.767533747739509E+00     0.511659360922922E+01     0.175183384913543E+01
     0.766654127652079E+00     0.510801864767199E+01     0.174702512441859E+01
     0.765774522216862E+00     0.509944622183310E+01     0.174221882812118E+01
     0.764894933619696E+00     0.509087639330968E+01     0.173741500589227E+01
     0.764015364094070E+00     0.508230922419619E+01     0.173261370354432E+01
     0.763135815922481E+00     0.507374477709329E+01     0.172781496705389E+01
     0.762256291437477E+00     0.506518311511502E+01     0.172301884255997E+01
     0.761376793023166E+00     0.505662430189870E+01     0.171822537636522E+01
     0.760497323116477E+00     0.504806840161366E+01     0.171343461493533E+01
     0.759617884208487E+00     0.503951547897033E+01     0.170864660489854E+01
     0.758738478845902E+00     0.503096559923048E+01     0.170386139304593E+01
     0.757859109632604E+00     0.502241882821792E+01     0.169907902633193E+01
     0.756979779231047E+00     0.501387523232847E+01     0.169429955187345E+01
     0.756100490364056E+00     0.500533487854246E+01     0.168952301695154E+01
     0.755221245816388E+00     0.499679783443599E+01     0.168474946901094E+01
     0.754342048436390E+00     0.498826416819294E+01     0.167997895566024E+01
     0.753462901137990E+00     0.497973394861908E+01     0.167521152467365E+01
     0.752583806902622E+00     0.497120724515644E+01     0.167044722399243E+01
     0.751704768780229E+00     0.496268412789049E+01     0.166568610171835E+01
     0.750825789892803E+00     0.495416466757625E+01     0.166092820612648E+01
     0.749946873435580E+00     0.494564893564710E+01     0.165617358565907E+01
     0.749068022679236E+00     0.493713700423157E+01     0.165142228892727E+01
     0.748189240972459E+00     0.492862894617221E+01     0.164667436471436E+01
     0.747310531744074E+00     0.492012483504213E+01     0.164192986197579E+01
     0.746431898505614E+00     0.491162474516444E+01     0.163718882984151E+01
     0.745553344854020E+00     0.490312875163272E+01     0.163245131761870E+01
     0.744674874474137E+00     0.489463693033063E+01     0.162771737479263E+01
     0.743796491141652E+00     0.488614935795453E+01     0.162298705102980E+01
     0.742918198726011E+00     0.487766611203619E+01     0.161826039618045E+01
     0.742040001193514E+00     0.486918727096710E+01     0.161353746028143E+01
     0.741161902610479E+00     0.486071291402344E+01     0.160881829355904E+01
     0.740283907146723E+00     0.485224312139349E+01     0.160410294643311E+01
     0.739406019078988E+00     0.484377797420506E+01     0.159939146952003E+01
     0.738528242794644E+00     0.483531755455517E+01     0.159468391363674E+01
     0.737650582795603E+00     0.482686194554139E+01     0.158998032980540E+01
     0.736773043702499E+00     0.481841123129533E+01     0.158528076925870E+01
     0.735895630258743E+00     0.480996549701610E+01     0.158058528344357E+01
     0.735018347335187E+00     0.480152482900786E+01     0.157589392402780E+01
     0.734141199934835E+00     0.479308931471840E+01     0.157120674290588E+01
     0.733264193197689E+00     0.478465904277930E+01     0.156652379220461E+01
     0.732387332406218E+00     0.477623410305045E+01     0.156184512429154E+01
     0.731510622990732E+00     0.476781458666492E+01     0.155717079178145E+01
     0.730634070535193E+00     0.475940058607735E+01     0.155250084754436E+01
     0.729757680783454E+00     0.475099219511581E+01     0.154783534471483E+01
     0.728881459645856E+00     0.474258950903670E+01     0.154317433670188E+01
     0.728005413205880E+00     0.473419262458142E+01     0.153851787719770E+01
     0.727129547727643E+00     0.472580164003891E+01     0.153386602018998E+01
     0.726253869663550E+00     0.471741665531065E+01     0.152921881997318E+01
     0.725378385662556E+00     0.470903777198058E+01     0.152457633116178E+01
     0.724503102578784E+00     0.470066509338879E+01     0.151993860870343E+01
     0.723628027480907E+00     0.469229872471121E+01     0.151530570789466E+01
     0.722753167661997E+00     0.468393877304410E+01     0.151067768439689E+01
     0.721878530649926E+00     0.467558534749364E+01     0.150605459425316E+01
     0.721004124218779E+00     0.466723855927365E+01     0.150143649390826E+01
     0.720129956400687E+00     0.465889852180828E+01     0.149682344022813E+01
     0.719256035498773E+00     0.465056535084370E+01     0.149221549052284E+01
     0.718382370100796E+00     0.464223916456677E+01     0.148761270256992E+01
     0.717508969093986E+00     0.463392008373392E+01     0.148301513464106E+01
     0.716635841680833E+00     0.462560823180891E+01     0.147842284553010E+01
     0.715762997396194E+00     0.461730373511225E+01     0.147383589458425E+01
     0.714890446125601E+00     0.460900672298170E+01     0.146925434173720E+01
     0.714018198125157E+00     0.460071732794681E+01     0.146467824754613E+01
     0.713146264042993E+00     0.459243568591762E+01     0.146010767323165E+01
     0.712274654942453E+00     0.458416193638928E+01     0.145554268072114E+01
     0.711403382327443E+00     0.457589622266549E+01     0.145098333269726E+01
     0.710532458169778E+00     0.456763869210083E+01     0.144642969264980E+01
     0.709661894939155E+00     0.455938949636632E+01     0.144188182493363E+01
     0.708791705635929E+00     0.455114879174018E+01     0.143733979483275E+01
     0.707921903826773E+00     0.454291673942546E+01     0.143280366862940E+01
     0.707052503684067E+00     0.453469350590073E+01     0.142827351368210E+01
     0.706183520029176E+00     0.452647926330619E+01     0.142374939851153E+01
     0.705314968380156E+00     0.451827418987013E+01     0.141923139289570E+01
     0.704446865004576E+00     0.451007847038183E+01     0.141471956797597E+01
     0.703579226978235E+00     0.450189229671771E+01     0.141021399637595E+01
     0.702712072250580E+00     0.449371586842829E+01     0.140571475233482E+01
     0.701845419717592E+00     0.448554939339387E+01     0.140122191185558E+01
     0.700979289303919E+00     0.447739308856317E+01     0.139673555287463E+01
     0.700113702055165E+00     0.446924718078511E+01     0.139225575545226E+01
     0.699248680242256E+00     0.446111190775066E+01     0.138778260198902E+01
     0.698384247480303E+00     0.445298751906600E+01     0.138331617747436E+01
     0.697520428864009E+00     0.444487427747754E+01     0.137885656976986E+01
     0.696657251123400E+00     0.443677246028149E+01     0.137440386993735E+01
     0.695794742803591E+00     0.442868236095293E+01     0.136995817261924E+01
     0.694932934473483E+00     0.442060429103969E+01     0.136551957648088E+01
     0.694071858970304E+00     0.441253858238249E+01     0.136108818473263E+01
     0.693211551687478E+00     0.440448558973229E+01     0.135666410574519E+01
     0.692352050916912E+00     0.439644569386480E+01     0.135224745378460E+01
     0.691493398259600E+00     0.438841930531985E+01     0.134783834989759E+01
     0.690635639122889E+00     0.438040686893446E+01     0.134343692298671E+01
     0.689778823329738E+00     0.437240886940202E+01     0.133904331113204E+01
     0.688923005875028E+00     0.436442583817795E+01     0.133465766323833E+01
     0.688068247877276E+00     0.435645836217835E+01     0.133028014111268E+01
     0.687214617797023E+00     0.434850709492388E+01     0.132591092213377E+01
     0.686362193025893E+00     0.434057277108657E+01     0.132155020274257E+01
     0.685511062006451E+00     0.433265622590967E+01     0.131719820311367E+01
     0.684661327135201E+00     0.432475842182297E+01     0.131285517356962E+01
     0.683813108866964E+00     0.431688048610047E+01     0.130852140367502E+01
     0.682966551749322E+00     0.430902376626742E+01     0.130419723564281E+01
     0.682121833744741E+00     0.430118991575431E+01     0.129988308510092E+01
     0.681279181590013E+00     0.429338103512743E+01     0.129557947539351E+01
     0.680438898441215E+00     0.428559992645801E+01     0.129128709948326E+01
     0.679601420505996E+00     0.427785061479010E+01     0.128700694707543E+01
     0.678767460796879E+00     0.427013967275055E+01     0.128274062816811E+01
     0.677938598430674E+00     0.426248165506715E+01     0.127849170320121E+01
     0.677118593970515E+00     0.425491121432664E+01     0.127426863960818E+01
     0.676299325111165E+00     0.424735330915253E+01     0.127005298588436E+01
     0.675479613429849E+00     0.423979709198829E+01     0.126584210230024E+01
     0.674659455582709E+00     0.423224256753210E+01     0.126163601527098E+01
     0.673838848175668E+00     0.422468974006843E+01     0.125743475112322E+01
     0.673017787763314E+00     0.421713861345780E+01     0.125323833609408E+01
     0.672196270847144E+00     0.420958919112281E+01     0.124904679632649E+01
     0.671374293874236E+00     0.420204147603655E+01     0.124486015786735E+01
     0.670551853235751E+00     0.419449547070978E+01     0.124067844666509E+01
     0.669728945265112E+00     0.418695117717627E+01     0.123650168856543E+01
     0.668905566236619E+00     0.417940859698034E+01     0.123232990931024E+01
     0.668081712363338E+00     0.417186773116026E+01     0.122816313453217E+01
     0.667257379795568E+00     0.416432858023460E+01     0.122400138975333E+01
     0.666432564618776E+00     0.415679114418554E+01     0.121984470038101E+01
     0.665607262851688E+00     0.414925542244275E+01     0.121569309170469E+01
     0.664781470444106E+00     0.414172141386564E+01     0.121154658889201E+01
     0.663955183274842E+00     0.413418911672595E+01     0.120740521698562E+01
     0.663128397149358E+00     0.412665852868852E+01     0.120326900089897E+01
     0.662301107797441E+00     0.411912964679203E+01     0.119913796541262E+01
     0.661473310870705E+00     0.411160246742842E+01     0.119501213517012E+01
     0.660645001939989E+00     0.410407698632160E+01     0.119089153467375E+01
     0.659816176492668E+00     0.409655319850524E+01     0.118677618828041E+01
     0.658986829929601E+00     0.408903109829831E+01     0.118266612019578E+01
     0.658156957562468E+00     0.408151067928243E+01     0.117856135447166E+01
     0.657326554610353E+00     0.407399193427467E+01     0.117446191499931E+01
     0.656495616196453E+00     0.406647485530070E+01     0.117036782550432E+01
     0.655664137344866E+00     0.405895943356785E+01     0.116627910954281E+01
     0.654832112976542E+00     0.405144565943337E+01     0.116219579049331E+01
     0.653999537905888E+00     0.404393352237547E+01     0.115811789155350E+01
     0.653166406836289E+00     0.403642301095824E+01     0.115404543573137E+01
     0.652332714356243E+00     0.402891411279917E+01     0.114997844584109E+01
     0.651498454934578E+00     0.402140681453117E+01     0.114591694449436E+01
     0.650663622915941E+00     0.401390110176542E+01     0.114186095409457E+01
     0.649828212515613E+00     0.400639695904990E+01     0.113781049682817E+01
     0.648992217814433E+00     0.399889436982774E+01     0.113376559465784E+01
     0.648155632753007E+00     0.399139331639098E+01     0.112972626931294E+01
     0.647318451126051E+00     0.398389377983416E+01     0.112569254228210E+01
     0.646480666575893E+00     0.397639574000250E+01     0.112166443480242E+01
     0.645642272586116E+00     0.396889917543982E+01     0.111764196785121E+01
     0.644803262474226E+00     0.396140406333017E+01     0.111362516213371E+01
     0.643963629384546E+00     0.395391037943954E+01     0.110961403807415E+01
     0.643123366280033E+00     0.394641809805056E+01     0.110560861580244E+01
     0.642282465934019E+00     0.393892719189540E+01     0.110160891514271E+01
     0.641440920921172E+00     0.393143763208308E+01     0.109761495559963E+01
     0.640598723607970E+00     0.392394938802255E+01     0.109362675634450E+01
     0.639755866141718E+00     0.391646242733601E+01     0.108964433619537E+01
     0.638912340442625E+00     0.390897671578826E+01     0.108566771361906E+01
     0.638068138188208E+00     0.390149221716994E+01     0.108169690668968E+01
     0.637223250803178E+00     0.389400889321092E+01     0.107773193308464E+01
     0.636377669445865E+00     0.388652670347118E+01     0.107377281006331E+01
     0.635531384993666E+00     0.387904560522434E+01     0.106981955444437E+01
     0.634684388027832E+00     0.387156555333464E+01     0.106587218258393E+01
     0.633836668817132E+00     0.386408650012487E+01     0.106193071035200E+01
     0.632988217299945E+00     0.385660839523247E+01     0.105799515310530E+01
     0.632139023065402E+00     0.384913118545674E+01     0.105406552566039E+01
     0.631289075332574E+00     0.384165481459156E+01     0.105014184226211E+01
     0.630438362928377E+00     0.383417922324657E+01     0.104622411655152E+01
     0.629586874264314E+00     0.382670434865764E+01     0.104231236153523E+01
     0.628734597307880E+00     0.381923012446182E+01     0.103840658953174E+01
     0.627881519557238E+00     0.381175648048579E+01     0.103450681214732E+01
     0.627027628009023E+00     0.380428334248916E+01     0.103061304022177E+01
     0.626172909124862E+00     0.379681063189385E+01     0.102672528377871E+01
     0.625317348795153E+00     0.378933826549052E+01     0.102284355197303E+01
     0.624423148895292E+00     0.378153664730339E+01     0.101889320804304E+01
     0.623484761292851E+00     0.377335832891922E+01     0.101486423840714E+01
     0.622552382037961E+00     0.376524132566328E+01     0.101085608406108E+01
     0.621624056560991E+00     0.375716851968010E+01     0.100686481632362E+01
     0.620698513427244E+00     0.374912879275416E+01     0.100288789245962E+01
     0.619774857526197E+00     0.374111433468450E+01     0.998923536143154E+00
     0.618852418358604E+00     0.373311931213767E+01     0.994970430771753E+00
     0.617930666775291E+00     0.372513913813295E+01     0.991027551097837E+00
     0.617009165386460E+00     0.371717003712010E+01     0.987094063016073E+00
     0.616087536874962E+00     0.370920876733740E+01     0.983169259707413E+00
     0.615165442338886E+00     0.370125243140677E+01     0.979252518223622E+00
     0.614242565410399E+00     0.369329833785753E+01     0.975343267976115E+00
     0.613318599637639E+00     0.368534389160955E+01     0.971440966056588E+00
     0.612393237512042E+00     0.367738649928873E+01     0.967545076201297E+00
     0.611466159937323E+00     0.366942347894915E+01     0.963655049041444E+00
     0.610537025086323E+00     0.366145196513488E+01     0.959770301655512E+00
     0.609605455509348E+00     0.365346879961440E+01     0.955890194307324E+00
     0.608671022069836E+00     0.364547039569602E+01     0.952014001848170E+00
     0.607770069121966E+00     0.363776742911742E+01     0.948209520594980E+00
     0.606919708362370E+00     0.363050521329513E+01     0.944507708431497E+00
     0.606068948063945E+00     0.362324761888799E+01     0.940813185618169E+00
     0.605217781456046E+00     0.361599461327578E+01     0.937125963328251E+00
     0.604366201874346E+00     0.360874616479894E+01     0.933446052938868E+00
     0.603514202750403E+00     0.360150224266437E+01     0.929773466008177E+00
     0.602661777601957E+00     0.359426281685892E+01     0.926108214254302E+00
     0.601808920023883E+00     0.358702785806901E+01     0.922450309535857E+00
     0.600955623679762E+00     0.357979733760584E+01     0.918799763833951E+00
     0.600101882294080E+00     0.357257122733593E+01     0.915156589235964E+00
     0.599247689644720E+00     0.356534949961530E+01     0.911520797919429E+00
     0.598393039556106E+00     0.355813212722872E+01     0.907892402138187E+00
     0.597537925892611E+00     0.355091908333198E+01     0.904271414208719E+00
     0.596682342552308E+00     0.354371034139741E+01     0.900657846497342E+00
     0.595826283461073E+00     0.353650587516259E+01     0.897051711408380E+00
     0.594969742567015E+00     0.352930565858197E+01     0.893453021373225E+00
     0.594112713835196E+00     0.352210966578106E+01     0.889861788840259E+00
     0.593255191242359E+00     0.351491787101182E+01     0.886278026264195E+00
     0.592397168772113E+00     0.350773024861116E+01     0.882701746097234E+00
     0.591538640410232E+00     0.350054677296108E+01     0.879132960780435E+00
     0.590679600140130E+00     0.349336741845028E+01     0.875571682735508E+00
     0.589820041938336E+00     0.348619215943672E+01     0.872017924356305E+00
     0.588959959770419E+00     0.347902097021292E+01     0.868471698002375E+00
     0.588099347586643E+00     0.347185382497067E+01     0.864933015990827E+00
     0.587238199318080E+00     0.346469069776849E+01     0.861401890590450E+00
     0.586376508872531E+00     0.345753156249863E+01     0.857878334014606E+00
     0.585514270130695E+00     0.345037639285587E+01     0.854362358415371E+00
     0.584651476942351E+00     0.344322516230670E+01     0.850853975877650E+00
     0.583788123122643E+00     0.343607784405938E+01     0.847353198413802E+00
     0.582924202448178E+00     0.342893441103355E+01     0.843860037957287E+00
     0.582059708653507E+00     0.342179483583182E+01     0.840374506358372E+00
     0.581194635427340E+00     0.341465909071055E+01     0.836896615378539E+00
     0.580328976408950E+00     0.340752714755159E+01     0.833426376685933E+00
     0.579462725184409E+00     0.340039897783359E+01     0.829963801850153E+00
     0.578595875283066E+00     0.339327455260446E+01     0.826508902338433E+00
     0.577728420173637E+00     0.338615384245234E+01     0.823061689510030E+00
     0.576860353260766E+00     0.337903681747872E+01     0.819622174613291E+00
     0.575991667880979E+00     0.337192344726894E+01     0.816190368779878E+00
     0.575122357299100E+00     0.336481370086484E+01     0.812766283021643E+00
     0.574252414704411E+00     0.335770754673627E+01     0.809349928226557E+00
     0.573381833206652E+00     0.335060495275189E+01     0.805941315154172E+00
     0.572510605832015E+00     0.334350588614988E+01     0.802540454431447E+00
     0.571638725519272E+00     0.333641031350926E+01     0.799147356549732E+00
     0.570766185115525E+00     0.332931820071942E+01     0.795762031860239E+00
     0.569892977372021E+00     0.332222951294978E+01     0.792384490570391E+00
     0.569019094939817E+00     0.331514421461872E+01     0.789014742739951E+00
     0.568144530365315E+00     0.330806226936169E+01     0.785652798277022E+00
     0.567269276085794E+00     0.330098363999924E+01     0.782298666934740E+00
     0.566393324424597E+00     0.329390828850313E+01     0.778952358306773E+00
     0.565516667586393E+00     0.328683617596269E+01     0.775613881824000E+00
     0.564639297652129E+00     0.327976726254940E+01     0.772283246750319E+00
     0.563761206573930E+00     0.327270150748101E+01     0.768960462178992E+00
     0.562882386169708E+00     0.326563886898398E+01     0.765645537028364E+00
     0.562002828117760E+00     0.325857930425555E+01     0.762338480038489E+00
     0.561122523950830E+00     0.325152276942297E+01     0.759039299765887E+00
     0.560241465050438E+00     0.324446921950349E+01     0.755748004580798E+00
     0.559359642640664E+00     0.323741860835965E+01     0.752464602662716E+00
     0.558477047781146E+00     0.323037088865958E+01     0.749189101992821E+00
     0.557593671361468E+00     0.322332601182507E+01     0.745921510355377E+00
     0.556709504093442E+00     0.321628392798729E+01     0.742661835329016E+00
     0.555824536503992E+00     0.320924458593582E+01     0.739410084282792E+00
     0.554938758927618E+00     0.320220793306691E+01     0.736166264371585E+00
     0.554052161498603E+00     0.319517391532977E+01     0.732930382531660E+00
     0.553164734142444E+00     0.318814247716864E+01     0.729702445474048E+00
     0.552276466567470E+00     0.318111356146483E+01     0.726482459680579E+00
     0.551387348255547E+00     0.317408710947379E+01     0.723270431397221E+00
     0.550497368452701E+00     0.316706306076079E+01     0.720066366628943E+00
     0.549606516159021E+00     0.316004135313234E+01     0.716870271133127E+00
     0.548714780118211E+00     0.315302192256492E+01     0.713682150413435E+00
     0.547822148806499E+00     0.314600470312964E+01     0.710502009712896E+00
     0.546928610421098E+00     0.313898962691353E+01     0.707329854007229E+00
     0.546034152867955E+00     0.313197662393636E+01     0.704165687997442E+00
     0.545138763748762E+00     0.312496562206252E+01     0.701009516101559E+00
     0.544242430347505E+00     0.311795654690935E+01     0.697861342447239E+00
     0.543345139616058E+00     0.311094932174939E+01     0.694721170862892E+00
     0.542446878158922E+00     0.310394386740693E+01     0.691589004868172E+00
     0.541547632217400E+00     0.309694010215012E+01     0.688464847665404E+00
     0.540647387652361E+00     0.308993794157454E+01     0.685348702128205E+00
     0.539746129926515E+00     0.308293729848221E+01     0.682240570791940E+00
     0.538843844085092E+00     0.307593808275108E+01     0.679140455841100E+00
     0.537940514735883E+00     0.306894020119883E+01     0.676048359098496E+00
     0.537036126027410E+00     0.306194355743544E+01     0.672964282010753E+00
     0.536130661626422E+00     0.305494805170953E+01     0.669888225636239E+00
     0.535224104693303E+00     0.304795358074200E+01     0.666820190629142E+00
     0.534316437856191E+00     0.304096003755010E+01     0.663760177223976E+00
     0.533407643183527E+00     0.303396731126048E+01     0.660708185219692E+00
     0.532497702154187E+00     0.302697528690711E+01     0.657664213960106E+00
     0.531586595626318E+00     0.301998384521850E+01     0.654628262316348E+00
     0.530674303803260E+00     0.301299286238687E+01     0.651600328664668E+00
     0.529760806197625E+00     0.300600220982327E+01     0.648580410865247E+00
     0.528846081592372E+00     0.299901175389321E+01     0.645568506237530E+00
     0.527930107999341E+00     0.299202135563413E+01     0.642564611535103E+00
     0.527012862614241E+00     0.298503087044964E+01     0.639568722916602E+00
     0.526094321768839E+00     0.297804014778318E+01     0.636580835917193E+00
     0.525174460878738E+00     0.297104903076304E+01     0.633600945414455E+00
     0.524253254387511E+00     0.296405735582139E+01     0.630629045593756E+00
     0.523330675706115E+00     0.295706495228140E+01     0.627665129909597E+00
     0.522406697147394E+00     0.295007164191055E+01     0.624709191043961E+00
     0.521481289855112E+00     0.294307723843646E+01     0.621761220861094E+00
     0.520554423726592E+00     0.293608154701959E+01     0.618821210356660E+00
     0.519626067329661E+00     0.292908436368233E+01     0.615889149607253E+00
     0.518696187809527E+00     0.292208547468505E+01     0.612965027702016E+00
     0.517764750791453E+00     0.291508465584457E+01     0.610048832689112E+00
     0.516831720270465E+00     0.290808167179073E+01     0.607140551497121E+00
     0.515897058492445E+00     0.290107627515073E+01     0.604240169858013E+00
     0.514960725823363E+00     0.289406820565437E+01     0.601347672220650E+00
     0.514022680605308E+00     0.288705718914893E+01     0.598463041654335E+00
     0.513082878998065E+00     0.288004293651428E+01     0.595586259742908E+00
     0.512141274804087E+00     0.287302514246380E+01     0.592717306466781E+00
     0.511197819274920E+00     0.286600348421733E+01     0.589856160072415E+00
     0.510252460895907E+00     0.285897762002591E+01     0.587002796924500E+00
     0.509305145147587E+00     0.285194718753356E+01     0.584157191344551E+00
     0.508355814238566E+00     0.284491180194515E+01     0.581319315425680E+00
     0.507404406807364E+00     0.283787105397866E+01     0.578489138827115E+00
     0.506450857587807E+00     0.283082450756633E+01     0.575666628542065E+00
     0.505495097032294E+00     0.282377169726558E+01     0.572851748634429E+00
     0.504537050886326E+00     0.281671212533372E+01     0.570044459939653E+00
     0.503576639706763E+00     0.280964525841318E+01     0.567244719725735E+00
     0.502613778313396E+00     0.280257052375742E+01     0.564452481303401E+00
     0.501648375162619E+00     0.279548730492062E+01     0.561667693578138E+00
     0.500680331631524E+00     0.278839493681430E+01     0.558890300544836E+00
     0.499709541188494E+00     0.278129270000604E+01     0.556120240679737E+00
     0.498735888437824E+00     0.277417981412192E+01     0.553357446254713E+00
     0.497759248006680E+00     0.276705543016846E+01     0.550601842527028E+00
     0.496779483243079E+00     0.275991862154561E+01     0.547853346786108E+00
     0.495796444684509E+00     0.275276837347035E+01     0.545111867228247E+00
     0.494809968244645E+00     0.274560357044770E+01     0.542377301616590E+00
     0.493819873052009E+00     0.273842298132880E+01     0.539649535676519E+00
     0.492825958853788E+00     0.273122524135553E+01     0.536928441156598E+00
     0.491828002873768E+00     0.272400883041600E+01     0.534213873473353E+00
     0.490825755973192E+00     0.271677204646802E+01     0.531505668813500E+00
     0.489818937918567E+00     0.270951297275593E+01     0.528803640551958E+00
     0.488807231481394E+00     0.270222943692426E+01     0.526107574754866E+00
     0.487790274998910E+00     0.269491895943538E+01     0.523417224486525E+00
     0.486767652868737E+00     0.268757868763062E+01     0.520732302496929E+00
     0.485738883225888E+00     0.268020531020094E+01     0.518052471696304E+00
     0.484703401699880E+00     0.267279494439909E+01     0.515377332533794E+00
     0.483660539604578E+00     0.266534298450757E+01     0.512706405975129E+00
     0.482609494008805E+00     0.265784389381917E+01     0.510039110007349E+00
     0.481549285651559E+00     0.265029091194790E+01     0.507374726471808E+00
     0.480478697997914E+00     0.264267563080704E+01     0.504712352767307E+00
     0.479396185905921E+00     0.263498735881210E+01     0.502050829141569E+00
     0.478299732904769E+00     0.262721212688122E+01     0.499388624502582E+00
     0.477186616398594E+00     0.261933105234585E+01     0.496723647671845E+00
     0.476149094389071E+00     0.261199636137808E+01     0.494137904147152E+00
     0.475212690216953E+00     0.260538615596281E+01     0.491651719962616E+00
     0.474274752979446E+00     0.259877437105825E+01     0.489173422999344E+00
     0.473335228937909E+00     0.259216064944885E+01     0.486702982340514E+00
     0.472394060302037E+00     0.258554460707148E+01     0.484240364836000E+00
     0.471451184784031E+00     0.257892583006260E+01     0.481785534862183E+00
     0.470506535084673E+00     0.257230387136084E+01     0.479338454029843E+00
     0.469560038308534E+00     0.256567824682981E+01     0.476899080869905E+00
     0.468611615284878E+00     0.255904843076270E+01     0.474467370450790E+00
     0.467661179782780E+00     0.255241385068133E+01     0.472043273941890E+00
     0.466708637595858E+00     0.254577388127124E+01     0.469626738098040E+00
     0.465753885471948E+00     0.253912783728503E+01     0.467217704658474E+00
     0.464796809851931E+00     0.253247496517933E+01     0.464816109632267E+00
     0.463837285375003E+00     0.252581443320109E+01     0.462421882445262E+00
     0.462875173097669E+00     0.251914531956868E+01     0.460034944923960E+00
     0.461910318355189E+00     0.251246659827488E+01     0.457655210071265E+00
     0.460942548167977E+00     0.250577712187267E+01     0.455282580557573E+00
     0.459971668083848E+00     0.249907560049484E+01     0.452916946901965E+00
     0.458997458280688E+00     0.249236057596387E+01     0.450558185193230E+00
     0.458019668721514E+00     0.248563038958584E+01     0.448206154261230E+00
     0.457038013048387E+00     0.247888314156153E+01     0.445860692068252E+00
     0.456052160812337E+00     0.247211663929775E+01     0.443521611131192E+00
     0.455061727423642E+00     0.246532833054630E+01     0.441188692542633E+00
     0.454144546050254E+00     0.245905073629514E+01     0.438919619341241E+00
     0.453268986086484E+00     0.245306603426176E+01     0.436689525483008E+00
     0.452393207690320E+00     0.244708768112614E+01     0.434467111824246E+00
     0.451517218786690E+00     0.244111571783274E+01     0.432252370274455E+00
     0.450641027727113E+00     0.243515018786252E+01     0.430045292737690E+00
     0.449764643316342E+00     0.242919113739925E+01     0.427845871121714E+00
     0.448888074841066E+00     0.242323861550878E+01     0.425654097347432E+00
     0.448011332100968E+00     0.241729267433335E+01     0.423469963359071E+00
     0.447134425442523E+00     0.241135336930265E+01     0.421293461135571E+00
     0.446257365795758E+00     0.240542075936336E+01     0.419124582703159E+00
     0.445380164713992E+00     0.239949490722805E+01     0.416963320148023E+00
     0.444502834417659E+00     0.239357587964839E+01     0.414809665632011E+00
     0.443625387841699E+00     0.238766374771195E+01     0.412663611408049E+00
     0.442747838687621E+00     0.238175858716770E+01     0.410525149837786E+00
     0.441870201480754E+00     0.237586047878385E+01     0.408394273411570E+00
     0.440992491632983E+00     0.236996950874028E+01     0.406270974769840E+00
     0.440114725511881E+00     0.236408576906123E+01     0.404155246726882E+00
     0.439236920517035E+00     0.235820935809299E+01     0.402047082297201E+00
     0.438359095164624E+00     0.235234038103324E+01     0.399946474725216E+00
     0.437481269181227E+00     0.234647895051832E+01     0.397853417518272E+00
     0.436603463608082E+00     0.234062518727652E+01     0.395767904483133E+00
     0.435725700917610E+00     0.233477922085799E+01     0.393689929767656E+00
     0.434848005143667E+00     0.232894119045122E+01     0.391619487907081E+00
     0.433970402028007E+00     0.232311124580118E+01     0.389556573877135E+00
     0.433092919185140E+00     0.231728954824334E+01     0.387501183153620E+00
     0.432215586288742E+00     0.231147627187360E+01     0.385453311780252E+00
     0.431338435283539E+00     0.230567160487789E+01     0.383412956447066E+00
     0.430461500626606E+00     0.229987575104768E+01     0.381380114579578E+00
     0.429584819563860E+00     0.229408893151698E+01     0.379354784442244E+00
     0.428708432448163E+00     0.228831138676173E+01     0.377336965258134E+00
     0.427832383107295E+00     0.228254337891385E+01     0.375326657348589E+00
     0.426956719272218E+00     0.227678519445527E+01     0.373323862297616E+00
     0.426081493078000E+00     0.227103714737150E+01     0.371328583144688E+00
     0.425206761654497E+00     0.226529958287136E+01     0.369340824615347E+00
     0.424332587827266E+00     0.225957288180385E+01     0.367360593396373E+00
     0.423459040956540E+00     0.225385746594772E+01     0.365387898468675E+00
     0.422586197950015E+00     0.224815380440123E+01     0.363422751512051E+00
     0.421714144498525E+00     0.224246242138159E+01     0.361465167405166E+00
     0.420842976599325E+00     0.223678390584745E+01     0.359515164845901E+00
     0.419972802458975E+00     0.223111892352576E+01     0.357572767135412E+00
     0.419103744903648E+00     0.222546823215676E+01     0.355638003180040E+00
     0.418235944483169E+00     0.221983270114003E+01     0.353710908795158E+00
     0.417369563544755E+00     0.221421333733649E+01     0.351791528433709E+00
     0.416504791699356E+00     0.220861131971701E+01     0.349879917529192E+00
     0.415641853353601E+00     0.220302804713970E+01     0.347976145759113E+00
     0.414781018423680E+00     0.219746520636613E+01     0.346080301735792E+00
     0.413922618188536E+00     0.219192487278560E+01     0.344192500023963E+00
     0.413067069946864E+00     0.218640966720857E+01     0.342312892175863E+00
     0.412214917959256E+00     0.218092301644479E+01     0.340441685262297E+00
     0.411366907825032E+00     0.217546962711205E+01     0.338579175923409E+00
     0.410524140783865E+00     0.217005646951912E+01     0.336725821852876E+00
     0.409688473495089E+00     0.216469532941948E+01     0.334882429302155E+00
     0.408864255780571E+00     0.215941391316318E+01     0.333050980001334E+00
     0.408060588656521E+00     0.215427021898138E+01     0.331235653751762E+00
     0.407255628142297E+00     0.214912424081400E+01     0.329425685641595E+00
     0.406447207967899E+00     0.214396215570233E+01     0.327620056547466E+00
     0.405635256631908E+00     0.213878355658842E+01     0.325818769648569E+00
     0.404819699760205E+00     0.213358801974277E+01     0.324021827910608E+00
     0.404000459926506E+00     0.212837510371314E+01     0.322229234063096E+00
     0.403177456457722E+00     0.212314434818397E+01     0.320440990574415E+00
     0.402350605222543E+00     0.211789527273691E+01     0.318657099624451E+00
     0.401519818401155E+00     0.211262737550074E+01     0.316877563073647E+00
     0.400685004234503E+00     0.210734013168010E+01     0.315102382429756E+00
     0.399846066750100E+00     0.210203299194682E+01     0.313331558809744E+00
     0.399002905462330E+00     0.209670538068034E+01     0.311565092898494E+00
     0.398155415043698E+00     0.209135669403729E+01     0.309802984902155E+00
     0.397303484963844E+00     0.208598629783074E+01     0.308045234496597E+00
     0.396446999091995E+00     0.208059352519429E+01     0.306291840769218E+00
     0.395585835258552E+00     0.207517767400477E+01     0.304542802154374E+00
     0.394719864770324E+00     0.206973800403149E+01     0.302798116360934E+00
     0.393848951872970E+00     0.206427373377464E+01     0.301057780290040E+00
     0.392972953154147E+00     0.205878403695266E+01     0.299321789943938E+00
     0.392091716878033E+00     0.205326803858584E+01     0.297590140321308E+00
     0.391205082242375E+00     0.204772481062139E+01     0.295862825300252E+00
     0.390312878545824E+00     0.204215336702944E+01     0.294139837504615E+00
     0.389414924252229E+00     0.203655265829034E+01     0.292421168151850E+00
     0.388511025935983E+00     0.203092156517887E+01     0.290706806880064E+00
     0.387600977088648E+00     0.202525889172954E+01     0.288996741548731E+00
     0.386684556765165E+00     0.201956335725230E+01     0.287290958012925E+00
     0.385761528038447E+00     0.201383358721961E+01     0.285589439852586E+00
     0.384831636236346E+00     0.200806810286028E+01     0.283892168077858E+00
     0.383894606911562E+00     0.200226530917981E+01     0.282199120768997E+00
     0.382950143500823E+00     0.199642348114077E+01     0.280510272663937E+00
     0.381997924610204E+00     0.199054074763166E+01     0.278825594673434E+00
     0.381037600851237E+00     0.198461507277761E+01     0.277145053310184E+00
     0.380068791132786E+00     0.197864423403079E+01     0.275468610011731E+00
     0.379091078289684E+00     0.197262579633516E+01     0.273796220333521E+00
     0.378104003897103E+00     0.196655708147023E+01     0.272127832982102E+00
     0.377107062076397E+00     0.196043513142349E+01     0.270463388647573E+00
     0.376099692041964E+00     0.195425666430596E+01     0.268802818585037E+00
     0.375081269060238E+00     0.194801802086296E+01     0.267146042875082E+00
     0.374051093386990E+00     0.194171509900656E+01     0.265492968274629E+00
     0.373008376600017E+00     0.193534327291435E+01     0.263843485534515E+00
     0.371952224536510E+00     0.192889729200341E+01     0.262197466020229E+00
     0.370881615740283E+00     0.192237115328922E+01     0.260554757398511E+00
     0.369795373885513E+00     0.191575793802978E+01     0.258915178067286E+00
     0.368692131979193E+00     0.190904959961746E+01     0.257278509855359E+00
     0.367570285131501E+00     0.190223668366361E+01     0.255644488301796E+00
     0.366427927083330E+00     0.189530795172676E+01     0.254012789468216E+00
     0.365262763090532E+00     0.188824986475444E+01     0.252383011672503E+00
     0.364071987411819E+00     0.188104585646402E+01     0.250754649565685E+00
     0.362852106045184E+00     0.187367528173935E+01     0.249127056279868E+00
     0.361598671448321E+00     0.186611184249626E+01     0.247499386271485E+00
     0.360305869068518E+00     0.185832113360705E+01     0.245870505439594E+00
     0.358965839825820E+00     0.185025662065192E+01     0.244238842511668E+00
     0.357680844127195E+00     0.184253341968505E+01     0.242633170904399E+00
     0.356873226632395E+00     0.183768518139323E+01     0.241165908960655E+00
     0.356060401356224E+00     0.183281073507373E+01     0.239702270964994E+00
     0.355242157120583E+00     0.182790887945459E+01     0.238242246431547E+00
     0.354418264907949E+00     0.182297831075776E+01     0.236785822958919E+00
     0.353588475543653E+00     0.181801760932630E+01     0.235332985928269E+00
     0.352752516965526E+00     0.181302522387745E+01     0.233883718134296E+00
     0.351910090995257E+00     0.180799945286006E+01     0.232437999355671E+00
     0.351060869484916E+00     0.180293842221181E+01     0.230995805824658E+00
     0.350204489689558E+00     0.179784005863724E+01     0.229557109585545E+00
     0.349340548664251E+00     0.179270205724169E+01     0.228121877708642E+00
     0.348468596417963E+00     0.178752184197895E+01     0.226690071313250E+00
     0.347588127471084E+00     0.178229651685775E+01     0.225261644351638E+00
     0.346698570330265E+00     0.177702280509942E+01     0.223836542070421E+00
     0.345799274214485E+00     0.177169697238403E+01     0.222414699047330E+00
     0.344889492093677E+00     0.176631472875152E+01     0.220996036649620E+00
     0.343968358699526E+00     0.176087110138875E+01     0.219580459700348E+00
     0.343034861545057E+00     0.175536026693169E+01     0.218167852028694E+00
     0.342087802015842E+00     0.174977532625637E+01     0.216758070426311E+00
     0.341125742006048E+00     0.174410799552581E+01     0.215350936258619E+00
     0.340146928905600E+00     0.173834817179296E+01     0.213946223533281E+00
     0.339149187075331E+00     0.173248330438070E+01     0.212543641437486E+00
     0.338360552196050E+00     0.172785234191769E+01     0.211191784692417E+00
     0.337586099677756E+00     0.172330911802340E+01     0.209847405273447E+00
     0.336807511800884E+00     0.171874606353516E+01     0.208506566570523E+00
     0.336024660898619E+00     0.171416247457488E+01     0.207169271346314E+00
     0.335237411146027E+00     0.170955760179029E+01     0.205835522046996E+00
     0.334445617753980E+00     0.170493064583957E+01     0.204505320749118E+00
     0.333649126055238E+00     0.170028075227099E+01     0.203178669097428E+00
     0.332847770464650E+00     0.169560700569569E+01     0.201855568232541E+00
     0.332041373291451E+00     0.169090842313001E+01     0.200536018706495E+00
     0.331229743376866E+00     0.168618394635675E+01     0.199220020383578E+00
     0.330412674524426E+00     0.168143243312215E+01     0.197907572323548E+00
     0.329589943682902E+00     0.167665264694309E+01     0.196598672643635E+00
     0.328761308832122E+00     0.167184324524509E+01     0.195293318354356E+00
     0.327926506509942E+00     0.166700276548346E+01     0.193991505163822E+00
     0.327085248902481E+00     0.166212960881009E+01     0.192693227242663E+00
     0.326237220399085E+00     0.165722202073137E+01     0.191398476940072E+00
     0.325382073486269E+00     0.165227806804957E+01     0.190107244439223E+00
     0.324519423817835E+00     0.164729561117192E+01     0.188819517335570E+00
     0.323648844248988E+00     0.164227227059355E+01     0.187535280116941E+00
     0.322769857554475E+00     0.163720538597843E+01     0.186254513517557E+00
     0.321881927456607E+00     0.163209196573198E+01     0.184977193708447E+00
     0.320984447455453E+00     0.162692862420858E+01     0.183703291271051E+00
     0.320076726764167E+00     0.162171150262808E+01     0.182432769883822E+00
     0.319157972372692E+00     0.161643616820311E+01     0.181165584618187E+00
     0.318227265848598E+00     0.161109748364260E+01     0.179901679696213E+00
     0.317283532854681E+00     0.160568943564722E+01     0.178640985507426E+00
     0.316325502359949E+00     0.160020490538063E+01     0.177383414532940E+00
     0.315351650942315E+00     0.159463535497666E+01     0.176128855711904E+00
     0.314360124902093E+00     0.158897038907364E+01     0.174877166431058E+00
     0.313348628306756E+00     0.158319712443119E+01     0.173628160838975E+00
     0.312314256729180E+00     0.157729925358391E+01     0.172381592226993E+00
     0.311253240480516E+00     0.157125559850600E+01     0.171137125418371E+00
     0.310160528579480E+00     0.156503776671038E+01     0.169894291368571E+00
     0.309029072802741E+00     0.155860611682560E+01     0.168652407900144E+00
     0.307848495349297E+00     0.155190224932231E+01     0.167410430054938E+00
     0.307048326499627E+00     0.154736281506571E+01     0.166227092826985E+00
     0.306347852239028E+00     0.154339261555182E+01     0.165061099495747E+00
     0.305645085412940E+00     0.153941288720203E+01     0.163898253958467E+00
     0.304939988527121E+00     0.153542343588527E+01     0.162738561274926E+00
     0.304232522824605E+00     0.153142406085069E+01     0.161582026597182E+00
     0.303522648216306E+00     0.152741455436012E+01     0.160428655171202E+00
     0.302810323206598E+00     0.152339470129326E+01     0.159278452339128E+00
     0.302095504812852E+00     0.151936427872123E+01     0.158131423540906E+00
     0.301378148478887E+00     0.151532305544725E+01     0.156987574316510E+00
     0.300658207981426E+00     0.151127079151007E+01     0.155846910308096E+00
     0.299935635328725E+00     0.150720723764611E+01     0.154709437261797E+00
     0.299210380650983E+00     0.150313213470718E+01     0.153575161030112E+00
     0.298482392081125E+00     0.149904521302748E+01     0.152444087573681E+00
     0.297751615625429E+00     0.149494619173600E+01     0.151316222963543E+00
     0.297017995022527E+00     0.149083477800711E+01     0.150191573383167E+00
     0.296281471589564E+00     0.148671066624266E+01     0.149070145130368E+00
     0.295541984054085E+00     0.148257353717798E+01     0.147951944619282E+00
     0.294799468369934E+00     0.147842305690238E+01     0.146836978382220E+00
     0.294053857515216E+00     0.147425887578415E+01     0.145725253071420E+00
     0.293305081270133E+00     0.147008062728801E+01     0.144616775460648E+00
     0.292553065972121E+00     0.146588792667140E+01     0.143511552446561E+00
     0.291797734245387E+00     0.146168036954416E+01     0.142409591049878E+00
     0.291039004701638E+00     0.145745753027339E+01     0.141310898417025E+00
     0.290276791606778E+00     0.145321896021101E+01     0.140215481817402E+00
     0.289511004512171E+00     0.144896418572330E+01     0.139123348648120E+00
     0.288741547840782E+00     0.144469270598801E+01     0.138034506430163E+00
     0.287968320425230E+00     0.144040399053015E+01     0.136948962808046E+00
     0.287191214988643E+00     0.143609747645322E+01     0.135866725547256E+00
     0.286410117560264E+00     0.143177256532111E+01     0.134787802531351E+00
     0.285624906814472E+00     0.142742861963146E+01     0.133712201756694E+00
     0.284835453321540E+00     0.142306495881616E+01     0.132639931326516E+00
     0.284041618694188E+00     0.141868085468528E+01     0.131570999442169E+00
     0.283243254612109E+00     0.141427552621805E+01     0.130505414392191E+00
     0.282440201701994E+00     0.140984813358092E+01     0.129443184538104E+00
     0.281632288245651E+00     0.140539777122634E+01     0.128384318295845E+00
     0.280819328683188E+00     0.140092345989418E+01     0.127328824113071E+00
     0.280001121868856E+00     0.139642413729046E+01     0.126276710439356E+00
     0.279177449028067E+00     0.139189864716629E+01     0.125227985688951E+00
     0.278348071349637E+00     0.138734572644502E+01     0.124182658192773E+00
     0.277512727131458E+00     0.138276398995360E+01     0.123140736142962E+00
     0.276671128368187E+00     0.137815191217961E+01     0.122102227507456E+00
     0.275822956649365E+00     0.137350780531775E+01     0.121067139941759E+00
     0.274967858181084E+00     0.136882979263585E+01     0.120035480659617E+00
     0.274105437692756E+00     0.136411577586351E+01     0.119007256272841E+00
     0.273235250906467E+00     0.135936339488122E+01     0.117982472582070E+00
     0.272356795128783E+00     0.135456997735018E+01     0.116961134302523E+00
     0.271469497357045E+00     0.134973247502306E+01     0.115943244701580E+00
     0.270572699043352E+00     0.134484738214323E+01     0.114928805113361E+00
     0.269665636287759E+00     0.133991062934425E+01     0.113917814281922E+00
     0.268747413656684E+00     0.133491744337757E+01     0.112910267456909E+00
     0.267816968916507E+00     0.132986215813359E+01     0.111906155128744E+00
     0.266873024491039E+00     0.132473795447706E+01     0.110905461222087E+00
     0.265914018951958E+00     0.131953649300675E+01     0.109908160454075E+00
     0.264938007452270E+00     0.131424738024702E+01     0.108914214361272E+00
     0.263942511892459E+00     0.130885736520478E+01     0.107923565117407E+00
     0.262924285732309E+00     0.130334907803587E+01     0.106936125517431E+00
     0.261878925094335E+00     0.129769894400280E+01     0.105951761877018E+00
     0.260800181706477E+00     0.129187349750263E+01     0.104970262895193E+00
     0.259678638533837E+00     0.128582227584672E+01     0.103991277805659E+00
     0.258557763572044E+00     0.127977992731570E+01     0.103017771837248E+00
     0.257809205944621E+00     0.127574809585522E+01     0.102071284410269E+00
     0.257058377938456E+00     0.127170728435654E+01     0.101127903419306E+00
     0.256305254860329E+00     0.126765737487426E+01     0.100187634404902E+00
     0.255549811538168E+00     0.126359824721087E+01     0.992504829901298E-01
     0.254792022339627E+00     0.125952977898550E+01     0.983164548843424E-01
     0.254031861159541E+00     0.125545184557356E+01     0.973855558849135E-01
     0.253269301406807E+00     0.125136432004385E+01     0.964577918787945E-01
     0.252504315990772E+00     0.124726707309323E+01     0.955331688441496E-01
     0.251736877307283E+00     0.124315997297937E+01     0.946116928523592E-01
     0.250966957223852E+00     0.123904288544978E+01     0.936933700694290E-01
     0.250194527064638E+00     0.123491567366935E+01     0.927782067581975E-01
     0.249419557594548E+00     0.123077819814399E+01     0.918662092800337E-01
     0.248642019002797E+00     0.122663031664164E+01     0.909573840967837E-01
     0.247861880885905E+00     0.122247188411023E+01     0.900517377729454E-01
     0.247079112229787E+00     0.121830275259177E+01     0.891492769775031E-01
     0.246293681391300E+00     0.121412277113335E+01     0.882500084861929E-01
     0.245505556078992E+00     0.120993178569437E+01     0.873539391837584E-01
     0.244714703332952E+00     0.120572963904956E+01     0.864610760661270E-01
     0.243921089503808E+00     0.120151617068785E+01     0.855714262426633E-01
     0.243124680230952E+00     0.119729121670726E+01     0.846849969387320E-01
     0.242325440419887E+00     0.119305460970536E+01     0.838017954984718E-01
     0.241523334217802E+00     0.118880617866266E+01     0.829218293862355E-01
     0.240718324989388E+00     0.118454574882454E+01     0.820451061905276E-01
     0.239910375290548E+00     0.118027314157487E+01     0.811716336262254E-01
     0.239099446841185E+00     0.117598817430477E+01     0.803014195373642E-01
     0.238285500496738E+00     0.117169066027505E+01     0.794344719000554E-01
     0.237468496218062E+00     0.116738040847143E+01     0.785707988249674E-01
     0.236648393041591E+00     0.116305722345746E+01     0.777104085627553E-01
     0.235825149044639E+00     0.115872090521094E+01     0.768533095039761E-01
     0.234998721312284E+00     0.115437124896117E+01     0.759995101844512E-01
     0.234169065901227E+00     0.115000804501450E+01     0.751490192885405E-01
     0.233336137801692E+00     0.114563107857039E+01     0.743018456522762E-01
     0.232499890897896E+00     0.114124012952967E+01     0.734579982674779E-01
     0.231660277926150E+00     0.113683497229179E+01     0.726174862854828E-01
     0.230817250430856E+00     0.113241537554168E+01     0.717803190211590E-01
     0.229970758718097E+00     0.112798110202491E+01     0.709465059569791E-01
     0.229120751806893E+00     0.112353190831122E+01     0.701160567475508E-01
     0.228267177377557E+00     0.111906754454431E+01     0.692889812239283E-01
     0.227409981717395E+00     0.111458775417819E+01     0.684652893985033E-01
     0.226549109663005E+00     0.111009227369757E+01     0.676449914695232E-01
     0.225684504539765E+00     0.110558083232356E+01     0.668280978266562E-01
     0.224816108097183E+00     0.110105315170029E+01     0.660146190558125E-01
     0.223943860440834E+00     0.109650894556396E+01     0.652045659448655E-01
     0.223067699960060E+00     0.109194791939154E+01     0.643979494894364E-01
     0.222187563251645E+00     0.108736977002875E+01     0.635947808995769E-01
     0.221303385036441E+00     0.108277418528817E+01     0.627950716033068E-01
     0.220415098075064E+00     0.107816084353423E+01     0.619988332569783E-01
     0.219522633073897E+00     0.107352941322876E+01     0.612060777497150E-01
     0.218625918586893E+00     0.106887955245233E+01     0.604168172111367E-01
     0.217724880910421E+00     0.106421090839191E+01     0.596310640189302E-01
     0.216819443970883E+00     0.105952311679334E+01     0.588488308068148E-01
     0.215909529204334E+00     0.105481580137471E+01     0.580701304726978E-01
     0.214995055427500E+00     0.105008857319747E+01     0.572949761872711E-01
     0.214075938699557E+00     0.104534102999214E+01     0.565233814033306E-01
     0.213152092173477E+00     0.104057275543285E+01     0.557553598653713E-01
     0.212223425935862E+00     0.103578331835590E+01     0.549909256194374E-01
     0.211289846835527E+00     0.103097227192075E+01     0.542300930252571E-01
     0.210351258295078E+00     0.102613915269381E+01     0.534728767642363E-01
     0.209407560112010E+00     0.102128347967183E+01     0.527192918548408E-01
     0.208458648239672E+00     0.101640475321280E+01     0.519693536638020E-01
     0.207504414550290E+00     0.101150245387752E+01     0.512230779190775E-01
     0.206544746578189E+00     0.100657604117202E+01     0.504804807248494E-01
     0.205579527238919E+00     0.100162495217352E+01     0.497415785759454E-01
     0.204608634523201E+00     0.996648600031573E+00     0.490063883740700E-01
     0.203631941162552E+00     0.991646372328613E+00     0.482749274458215E-01
     0.202649314260348E+00     0.986617629274623E+00     0.475472135589645E-01
     0.201660614889183E+00     0.981561701730353E+00     0.468232649438888E-01
     0.200665697643992E+00     0.976477889018248E+00     0.461031003125329E-01
     0.199664410151189E+00     0.971365456511225E+00     0.453867388827481E-01
     0.198656592521820E+00     0.966223632950545E+00     0.446742004008535E-01
     0.197642076745519E+00     0.961051607468665E+00     0.439655051684230E-01
     0.196620686013573E+00     0.955848526264462E+00     0.432606740698505E-01
     0.195592233961392E+00     0.950613488881246E+00     0.425597286020719E-01
     0.194556523819147E+00     0.945345544029688E+00     0.418626909084329E-01
     0.193513347452768E+00     0.940043684872791E+00     0.411695838133917E-01
     0.192462484279795E+00     0.934706843691657E+00     0.404804308616353E-01
     0.191403700037304E+00     0.929333885821338E+00     0.397952563607300E-01
     0.190336745373917E+00     0.923923602721246E+00     0.391140854258499E-01
     0.189261354240003E+00     0.918474704040429E+00     0.384369440351849E-01
     0.188177242024039E+00     0.912985808442488E+00     0.377638590814749E-01
     0.187084103398679E+00     0.907455432986498E+00     0.370948584365971E-01
     0.185981609807782E+00     0.901881980736610E+00     0.364299710214534E-01
     0.184869406517598E+00     0.896263726218517E+00     0.357692268834229E-01
     0.183747109132830E+00     0.890598798231810E+00     0.351126572827800E-01
     0.182614299451398E+00     0.884885159392281E+00     0.344602947907555E-01
     0.181470520493565E+00     0.879120581589453E+00     0.338121734023868E-01
     0.180315270483122E+00     0.873302616268126E+00     0.331683286602791E-01
     0.179147995501389E+00     0.867428558136217E+00     0.325287978033113E-01
     0.177968080414635E+00     0.861495400339594E+00     0.318936199318053E-01
     0.176774837551429E+00     0.855499778497628E+00     0.312628362041687E-01
     0.175567492385934E+00     0.849437899922225E+00     0.306364900669287E-01
     0.174398921692236E+00     0.843575087943696E+00     0.300150786443453E-01
     0.173294349168119E+00     0.838037584738789E+00     0.293984937768956E-01
     0.172180058393154E+00     0.832455557254415E+00     0.287860002647397E-01
     0.171055711391844E+00     0.826827381921765E+00     0.281776301649108E-01
     0.169920946285868E+00     0.821151319320628E+00     0.275734167310270E-01
     0.168775374524108E+00     0.815425500687053E+00     0.269733944978056E-01
     0.167618577651821E+00     0.809647912170224E+00     0.263775993755443E-01
     0.166450103517501E+00     0.803816376342690E+00     0.257860687560653E-01
     0.165269461787681E+00     0.797928530329391E+00     0.251988416320443E-01
     0.164076118602099E+00     0.791981799735939E+00     0.246159587320029E-01
     0.162869490150719E+00     0.785973367306989E+00     0.240374626742053E-01
     0.161648934883480E+00     0.779900134900128E+00     0.234633981429798E-01
     0.160413743965739E+00     0.773758676881256E+00     0.228938120923876E-01
     0.159163129453030E+00     0.767545182365285E+00     0.223287539831306E-01
     0.157896209459219E+00     0.761255382748635E+00     0.217682760600378E-01
     0.156611989289913E+00     0.754884459501003E+00     0.212124336835728E-01
     0.155309337086104E+00     0.748426925090196E+00     0.206612857223777E-01
     0.153986951809118E+00     0.741876466422409E+00     0.201148950332162E-01
     0.152643320335575E+00     0.735225734970997E+00     0.195733290488957E-01
     0.151276658635443E+00     0.728466058973200E+00     0.190366605126234E-01
     0.149884828986205E+00     0.721587038277715E+00     0.185049684108510E-01
     0.148465219819952E+00     0.714575956182289E+00     0.179783391828030E-01
     0.147014564830379E+00     0.707416893748029E+00     0.174568683264636E-01
     0.145528658266061E+00     0.700089335535851E+00     0.169406625916438E-01
     0.144001881456900E+00     0.692565850468814E+00     0.164298430751211E-01
     0.142426358042748E+00     0.684807953279997E+00     0.159245497653785E-01
     0.140790299163201E+00     0.676757996189460E+00     0.154249485351960E-01
     0.139074307332035E+00     0.668321055541135E+00     0.149312424729782E-01
     0.137241277033655E+00     0.659315430670237E+00     0.144436908803290E-01
     0.135196493335323E+00     0.649277041521428E+00     0.139626337851036E-01
     0.133566275673568E+00     0.641279440145185E+00     0.134898316379571E-01
     0.132190862614037E+00     0.634537142202452E+00     0.130227808958310E-01
     0.130798619552397E+00     0.627717368971527E+00     0.125606851397288E-01
     0.129388868122383E+00     0.620816916681028E+00     0.121036019996139E-01
     0.127960882619115E+00     0.613832357212605E+00     0.116515915520017E-01
     0.126513885213536E+00     0.606760015385411E+00     0.112047164932337E-01
     0.125047040539940E+00     0.599595943259341E+00     0.107630423305827E-01
     0.123559449538583E+00     0.592335890899208E+00     0.103266375930585E-01
     0.122050142426675E+00     0.584975272994271E+00     0.989557406698125E-02
     0.120518070636318E+00     0.577509130572996E+00     0.946992705453252E-02
     0.118962097535386E+00     0.569932086928861E+00     0.904977566549803E-02
     0.117380987693552E+00     0.562238296632879E+00     0.863520314251892E-02
     0.115773394406944E+00     0.554421386267988E+00     0.822629722693039E-02
     0.114137845123309E+00     0.546474385182446E+00     0.782315057172159E-02
     0.112472724319286E+00     0.538389644129745E+00     0.742586120952910E-02
     0.110776253264149E+00     0.530158739104425E+00     0.703453308574446E-02
     0.109046465949294E+00     0.521772356945731E+00     0.664927666856283E-02
     0.107281180257733E+00     0.513220158305171E+00     0.627020965113104E-02
     0.105477963170836E+00     0.504490612256420E+00     0.589745776409856E-02
     0.103634088434658E+00     0.495570795041353E+00     0.553115572233920E-02
     0.101746484589117E+00     0.486446142976337E+00     0.517144833542720E-02
     0.998116705386706E-01     0.477100146094345E+00     0.481849182013590E-02
     0.978256748130705E-01     0.467513964195788E+00     0.447245536492492E-02
     0.957839331764533E-01     0.457665939887908E+00     0.413352301204411E-02
     0.936811570465258E-01     0.447530972737576E+00     0.380189594518629E-02
     0.915111618760946E-01     0.437079702909030E+00     0.347779530211595E-02
     0.892666395440726E-01     0.426277428355603E+00     0.316146567823772E-02
     0.869388507079390E-01     0.415082641097458E+00     0.285317955518549E-02
     0.845171998376254E-01     0.403445005121340E+00     0.255324299406724E-02
     0.819886332376252E-01     0.391302491729919E+00     0.226200309693803E-02
     0.793367608316361E-01     0.378577199933215E+00     0.197985801512106E-02
     0.765405292770828E-01     0.365169040904322E+00     0.170727073572485E-02
     0.735721304772797E-01     0.350945782185599E+00     0.144478870724958E-02
     0.703935278197944E-01     0.335726510419595E+00     0.119307292147427E-02
     0.669502902341655E-01     0.319252274688771E+00     0.952943254699659E-03
     0.631596467590430E-01     0.301129207389193E+00     0.725454029327784E-03
     0.588843589716164E-01     0.280704102995691E+00     0.512031994094437E-03
     0.538641543930939E-01     0.256737864964463E+00     0.314764741064341E-03
     0.474687702884662E-01     0.226229227861787E+00     0.137156939975994E-03
     0.365884139956418E-01     0.174365355350572E+00    -0.124865118979301E-04
