  0.12270E+01  0.10812E+02  0.67610E+01  0.43679E+01  0.64605E+00
  0.12263E+01  0.10804E+02  0.67544E+01  0.43616E+01  0.64574E+00
  0.12256E+01  0.10796E+02  0.67479E+01  0.43553E+01  0.64543E+00
  0.12250E+01  0.10788E+02  0.67414E+01  0.43490E+01  0.64512E+00
  0.12243E+01  0.10779E+02  0.67348E+01  0.43427E+01  0.64481E+00
  0.12237E+01  0.10771E+02  0.67283E+01  0.43364E+01  0.64450E+00
  0.12230E+01  0.10763E+02  0.67218E+01  0.43301E+01  0.64419E+00
  0.12223E+01  0.10754E+02  0.67153E+01  0.43238E+01  0.64388E+00
  0.12217E+01  0.10746E+02  0.67087E+01  0.43176E+01  0.64357E+00
  0.12210E+01  0.10738E+02  0.67022E+01  0.43113E+01  0.64326E+00
  0.12203E+01  0.10730E+02  0.66957E+01  0.43050E+01  0.64295E+00
  0.12197E+01  0.10721E+02  0.66892E+01  0.42988E+01  0.64264E+00
  0.12190E+01  0.10713E+02  0.66827E+01  0.42925E+01  0.64233E+00
  0.12184E+01  0.10705E+02  0.66762E+01  0.42863E+01  0.64202E+00
  0.12177E+01  0.10696E+02  0.66697E+01  0.42800E+01  0.64171E+00
  0.12170E+01  0.10688E+02  0.66632E+01  0.42738E+01  0.64140E+00
  0.12164E+01  0.10680E+02  0.66567E+01  0.42675E+01  0.64109E+00
  0.12157E+01  0.10671E+02  0.66502E+01  0.42613E+01  0.64078E+00
  0.12150E+01  0.10663E+02  0.66437E+01  0.42551E+01  0.64047E+00
  0.12143E+01  0.10655E+02  0.66372E+01  0.42488E+01  0.64016E+00
  0.12137E+01  0.10646E+02  0.66307E+01  0.42426E+01  0.63985E+00
  0.12130E+01  0.10638E+02  0.66242E+01  0.42364E+01  0.63953E+00
  0.12123E+01  0.10630E+02  0.66177E+01  0.42302E+01  0.63922E+00
  0.12117E+01  0.10621E+02  0.66113E+01  0.42240E+01  0.63891E+00
  0.12110E+01  0.10613E+02  0.66048E+01  0.42178E+01  0.63860E+00
  0.12104E+01  0.10605E+02  0.65983E+01  0.42116E+01  0.63828E+00
  0.12097E+01  0.10597E+02  0.65918E+01  0.42054E+01  0.63797E+00
  0.12091E+01  0.10589E+02  0.65854E+01  0.41992E+01  0.63765E+00
  0.12084E+01  0.10581E+02  0.65789E+01  0.41930E+01  0.63734E+00
  0.12078E+01  0.10573E+02  0.65724E+01  0.41868E+01  0.63703E+00
  0.12071E+01  0.10565E+02  0.65660E+01  0.41806E+01  0.63671E+00
  0.12065E+01  0.10556E+02  0.65595E+01  0.41745E+01  0.63640E+00
  0.12058E+01  0.10548E+02  0.65531E+01  0.41683E+01  0.63608E+00
  0.12051E+01  0.10540E+02  0.65466E+01  0.41621E+01  0.63577E+00
  0.12045E+01  0.10532E+02  0.65402E+01  0.41560E+01  0.63545E+00
  0.12038E+01  0.10524E+02  0.65337E+01  0.41498E+01  0.63514E+00
  0.12032E+01  0.10516E+02  0.65273E+01  0.41437E+01  0.63482E+00
  0.12025E+01  0.10508E+02  0.65208E+01  0.41375E+01  0.63451E+00
  0.12019E+01  0.10500E+02  0.65144E+01  0.41314E+01  0.63419E+00
  0.12012E+01  0.10491E+02  0.65079E+01  0.41252E+01  0.63388E+00
  0.12006E+01  0.10483E+02  0.65015E+01  0.41191E+01  0.63356E+00
  0.11999E+01  0.10475E+02  0.64951E+01  0.41130E+01  0.63324E+00
  0.11993E+01  0.10467E+02  0.64886E+01  0.41068E+01  0.63293E+00
  0.11986E+01  0.10459E+02  0.64822E+01  0.41007E+01  0.63261E+00
  0.11979E+01  0.10451E+02  0.64758E+01  0.40946E+01  0.63229E+00
  0.11973E+01  0.10443E+02  0.64693E+01  0.40885E+01  0.63198E+00
  0.11966E+01  0.10434E+02  0.64629E+01  0.40824E+01  0.63166E+00
  0.11960E+01  0.10426E+02  0.64565E+01  0.40763E+01  0.63134E+00
  0.11953E+01  0.10418E+02  0.64501E+01  0.40702E+01  0.63103E+00
  0.11947E+01  0.10410E+02  0.64437E+01  0.40641E+01  0.63071E+00
  0.11940E+01  0.10402E+02  0.64373E+01  0.40580E+01  0.63039E+00
  0.11933E+01  0.10394E+02  0.64308E+01  0.40519E+01  0.63007E+00
  0.11927E+01  0.10386E+02  0.64244E+01  0.40458E+01  0.62976E+00
  0.11920E+01  0.10378E+02  0.64180E+01  0.40397E+01  0.62944E+00
  0.11914E+01  0.10369E+02  0.64116E+01  0.40337E+01  0.62912E+00
  0.11907E+01  0.10361E+02  0.64052E+01  0.40276E+01  0.62880E+00
  0.11900E+01  0.10353E+02  0.63988E+01  0.40215E+01  0.62848E+00
  0.11894E+01  0.10345E+02  0.63924E+01  0.40155E+01  0.62816E+00
  0.11887E+01  0.10337E+02  0.63860E+01  0.40094E+01  0.62785E+00
  0.11881E+01  0.10329E+02  0.63796E+01  0.40034E+01  0.62753E+00
  0.11874E+01  0.10320E+02  0.63732E+01  0.39973E+01  0.62721E+00
  0.11867E+01  0.10312E+02  0.63669E+01  0.39913E+01  0.62689E+00
  0.11861E+01  0.10304E+02  0.63605E+01  0.39853E+01  0.62657E+00
  0.11854E+01  0.10296E+02  0.63541E+01  0.39793E+01  0.62625E+00
  0.11847E+01  0.10288E+02  0.63477E+01  0.39732E+01  0.62593E+00
  0.11841E+01  0.10279E+02  0.63413E+01  0.39672E+01  0.62561E+00
  0.11834E+01  0.10271E+02  0.63349E+01  0.39612E+01  0.62529E+00
  0.11827E+01  0.10263E+02  0.63286E+01  0.39552E+01  0.62497E+00
  0.11821E+01  0.10255E+02  0.63222E+01  0.39492E+01  0.62465E+00
  0.11814E+01  0.10247E+02  0.63158E+01  0.39432E+01  0.62433E+00
  0.11808E+01  0.10239E+02  0.63095E+01  0.39372E+01  0.62401E+00
  0.11801E+01  0.10231E+02  0.63031E+01  0.39312E+01  0.62369E+00
  0.11795E+01  0.10223E+02  0.62967E+01  0.39252E+01  0.62337E+00
  0.11788E+01  0.10215E+02  0.62904E+01  0.39192E+01  0.62305E+00
  0.11782E+01  0.10207E+02  0.62840E+01  0.39132E+01  0.62273E+00
  0.11775E+01  0.10199E+02  0.62777E+01  0.39072E+01  0.62240E+00
  0.11769E+01  0.10191E+02  0.62713E+01  0.39013E+01  0.62208E+00
  0.11762E+01  0.10183E+02  0.62650E+01  0.38953E+01  0.62176E+00
  0.11756E+01  0.10175E+02  0.62586E+01  0.38893E+01  0.62144E+00
  0.11749E+01  0.10167E+02  0.62523E+01  0.38834E+01  0.62112E+00
  0.11743E+01  0.10159E+02  0.62459E+01  0.38774E+01  0.62079E+00
  0.11736E+01  0.10151E+02  0.62396E+01  0.38715E+01  0.62047E+00
  0.11730E+01  0.10144E+02  0.62332E+01  0.38655E+01  0.62015E+00
  0.11723E+01  0.10136E+02  0.62269E+01  0.38596E+01  0.61982E+00
  0.11717E+01  0.10128E+02  0.62206E+01  0.38537E+01  0.61950E+00
  0.11710E+01  0.10120E+02  0.62142E+01  0.38477E+01  0.61918E+00
  0.11704E+01  0.10112E+02  0.62079E+01  0.38418E+01  0.61886E+00
  0.11697E+01  0.10104E+02  0.62016E+01  0.38359E+01  0.61853E+00
  0.11691E+01  0.10096E+02  0.61953E+01  0.38300E+01  0.61821E+00
  0.11684E+01  0.10088E+02  0.61889E+01  0.38241E+01  0.61789E+00
  0.11678E+01  0.10080E+02  0.61826E+01  0.38181E+01  0.61756E+00
  0.11671E+01  0.10072E+02  0.61763E+01  0.38122E+01  0.61724E+00
  0.11665E+01  0.10064E+02  0.61700E+01  0.38063E+01  0.61691E+00
  0.11658E+01  0.10056E+02  0.61637E+01  0.38005E+01  0.61659E+00
  0.11652E+01  0.10048E+02  0.61574E+01  0.37946E+01  0.61627E+00
  0.11645E+01  0.10040E+02  0.61510E+01  0.37887E+01  0.61594E+00
  0.11639E+01  0.10032E+02  0.61447E+01  0.37828E+01  0.61562E+00
  0.11632E+01  0.10024E+02  0.61384E+01  0.37769E+01  0.61529E+00
  0.11626E+01  0.10017E+02  0.61321E+01  0.37711E+01  0.61497E+00
  0.11619E+01  0.10009E+02  0.61258E+01  0.37652E+01  0.61464E+00
  0.11613E+01  0.10001E+02  0.61195E+01  0.37593E+01  0.61432E+00
  0.11606E+01  0.99927E+01  0.61132E+01  0.37535E+01  0.61400E+00
  0.11600E+01  0.99848E+01  0.61069E+01  0.37476E+01  0.61367E+00
  0.11593E+01  0.99769E+01  0.61006E+01  0.37418E+01  0.61335E+00
  0.11587E+01  0.99689E+01  0.60943E+01  0.37359E+01  0.61302E+00
  0.11580E+01  0.99610E+01  0.60880E+01  0.37301E+01  0.61270E+00
  0.11574E+01  0.99531E+01  0.60817E+01  0.37243E+01  0.61237E+00
  0.11567E+01  0.99452E+01  0.60755E+01  0.37185E+01  0.61205E+00
  0.11561E+01  0.99372E+01  0.60692E+01  0.37126E+01  0.61172E+00
  0.11554E+01  0.99293E+01  0.60629E+01  0.37068E+01  0.61139E+00
  0.11548E+01  0.99214E+01  0.60566E+01  0.37010E+01  0.61107E+00
  0.11541E+01  0.99135E+01  0.60503E+01  0.36952E+01  0.61074E+00
  0.11535E+01  0.99055E+01  0.60441E+01  0.36894E+01  0.61042E+00
  0.11528E+01  0.98976E+01  0.60378E+01  0.36836E+01  0.61009E+00
  0.11522E+01  0.98897E+01  0.60315E+01  0.36778E+01  0.60977E+00
  0.11515E+01  0.98818E+01  0.60252E+01  0.36720E+01  0.60944E+00
  0.11509E+01  0.98739E+01  0.60190E+01  0.36662E+01  0.60912E+00
  0.11502E+01  0.98659E+01  0.60127E+01  0.36605E+01  0.60879E+00
  0.11496E+01  0.98580E+01  0.60064E+01  0.36547E+01  0.60846E+00
  0.11489E+01  0.98501E+01  0.60002E+01  0.36489E+01  0.60814E+00
  0.11483E+01  0.98422E+01  0.59939E+01  0.36432E+01  0.60781E+00
  0.11476E+01  0.98343E+01  0.59876E+01  0.36374E+01  0.60749E+00
  0.11470E+01  0.98263E+01  0.59814E+01  0.36317E+01  0.60716E+00
  0.11463E+01  0.98184E+01  0.59751E+01  0.36259E+01  0.60683E+00
  0.11456E+01  0.98105E+01  0.59689E+01  0.36202E+01  0.60651E+00
  0.11450E+01  0.98026E+01  0.59626E+01  0.36144E+01  0.60618E+00
  0.11443E+01  0.97947E+01  0.59564E+01  0.36087E+01  0.60586E+00
  0.11437E+01  0.97867E+01  0.59501E+01  0.36030E+01  0.60553E+00
  0.11430E+01  0.97788E+01  0.59439E+01  0.35972E+01  0.60520E+00
  0.11424E+01  0.97709E+01  0.59376E+01  0.35915E+01  0.60488E+00
  0.11417E+01  0.97630E+01  0.59314E+01  0.35858E+01  0.60455E+00
  0.11411E+01  0.97550E+01  0.59251E+01  0.35801E+01  0.60423E+00
  0.11404E+01  0.97471E+01  0.59189E+01  0.35744E+01  0.60390E+00
  0.11398E+01  0.97392E+01  0.59127E+01  0.35687E+01  0.60357E+00
  0.11391E+01  0.97313E+01  0.59064E+01  0.35630E+01  0.60325E+00
  0.11384E+01  0.97233E+01  0.59002E+01  0.35573E+01  0.60292E+00
  0.11378E+01  0.97154E+01  0.58939E+01  0.35517E+01  0.60259E+00
  0.11371E+01  0.97074E+01  0.58877E+01  0.35460E+01  0.60227E+00
  0.11365E+01  0.96995E+01  0.58815E+01  0.35403E+01  0.60194E+00
  0.11358E+01  0.96916E+01  0.58753E+01  0.35346E+01  0.60162E+00
  0.11352E+01  0.96836E+01  0.58690E+01  0.35290E+01  0.60129E+00
  0.11345E+01  0.96757E+01  0.58628E+01  0.35233E+01  0.60096E+00
  0.11338E+01  0.96677E+01  0.58566E+01  0.35177E+01  0.60064E+00
  0.11332E+01  0.96597E+01  0.58504E+01  0.35120E+01  0.60031E+00
  0.11325E+01  0.96518E+01  0.58441E+01  0.35064E+01  0.59999E+00
  0.11319E+01  0.96438E+01  0.58379E+01  0.35008E+01  0.59966E+00
  0.11312E+01  0.96358E+01  0.58317E+01  0.34951E+01  0.59934E+00
  0.11305E+01  0.96278E+01  0.58255E+01  0.34895E+01  0.59901E+00
  0.11299E+01  0.96197E+01  0.58193E+01  0.34839E+01  0.59869E+00
  0.11292E+01  0.96117E+01  0.58130E+01  0.34783E+01  0.59836E+00
  0.11285E+01  0.96035E+01  0.58068E+01  0.34727E+01  0.59804E+00
  0.11279E+01  0.95957E+01  0.58006E+01  0.34671E+01  0.59771E+00
  0.11272E+01  0.95879E+01  0.57944E+01  0.34615E+01  0.59738E+00
  0.11266E+01  0.95801E+01  0.57882E+01  0.34559E+01  0.59706E+00
  0.11259E+01  0.95723E+01  0.57820E+01  0.34503E+01  0.59673E+00
  0.11253E+01  0.95645E+01  0.57758E+01  0.34447E+01  0.59640E+00
  0.11246E+01  0.95567E+01  0.57696E+01  0.34391E+01  0.59608E+00
  0.11240E+01  0.95489E+01  0.57634E+01  0.34336E+01  0.59575E+00
  0.11233E+01  0.95411E+01  0.57572E+01  0.34280E+01  0.59542E+00
  0.11227E+01  0.95333E+01  0.57511E+01  0.34224E+01  0.59509E+00
  0.11220E+01  0.95255E+01  0.57449E+01  0.34169E+01  0.59477E+00
  0.11214E+01  0.95177E+01  0.57387E+01  0.34113E+01  0.59444E+00
  0.11207E+01  0.95099E+01  0.57325E+01  0.34057E+01  0.59411E+00
  0.11201E+01  0.95021E+01  0.57263E+01  0.34002E+01  0.59379E+00
  0.11194E+01  0.94943E+01  0.57201E+01  0.33947E+01  0.59346E+00
  0.11188E+01  0.94865E+01  0.57139E+01  0.33891E+01  0.59313E+00
  0.11181E+01  0.94787E+01  0.57078E+01  0.33836E+01  0.59281E+00
  0.11175E+01  0.94709E+01  0.57016E+01  0.33781E+01  0.59248E+00
  0.11168E+01  0.94632E+01  0.56954E+01  0.33726E+01  0.59215E+00
  0.11162E+01  0.94554E+01  0.56892E+01  0.33670E+01  0.59183E+00
  0.11155E+01  0.94476E+01  0.56831E+01  0.33615E+01  0.59150E+00
  0.11149E+01  0.94398E+01  0.56769E+01  0.33560E+01  0.59117E+00
  0.11142E+01  0.94320E+01  0.56707E+01  0.33505E+01  0.59085E+00
  0.11136E+01  0.94242E+01  0.56646E+01  0.33450E+01  0.59052E+00
  0.11129E+01  0.94164E+01  0.56584E+01  0.33395E+01  0.59019E+00
  0.11123E+01  0.94086E+01  0.56522E+01  0.33341E+01  0.58987E+00
  0.11116E+01  0.94009E+01  0.56461E+01  0.33286E+01  0.58954E+00
  0.11110E+01  0.93931E+01  0.56399E+01  0.33231E+01  0.58921E+00
  0.11103E+01  0.93853E+01  0.56337E+01  0.33176E+01  0.58889E+00
  0.11097E+01  0.93775E+01  0.56276E+01  0.33122E+01  0.58856E+00
  0.11090E+01  0.93697E+01  0.56214E+01  0.33067E+01  0.58824E+00
  0.11084E+01  0.93619E+01  0.56153E+01  0.33013E+01  0.58791E+00
  0.11077E+01  0.93541E+01  0.56091E+01  0.32958E+01  0.58758E+00
  0.11071E+01  0.93464E+01  0.56030E+01  0.32904E+01  0.58726E+00
  0.11064E+01  0.93386E+01  0.55968E+01  0.32850E+01  0.58693E+00
  0.11058E+01  0.93308E+01  0.55907E+01  0.32795E+01  0.58661E+00
  0.11051E+01  0.93230E+01  0.55845E+01  0.32741E+01  0.58628E+00
  0.11045E+01  0.93152E+01  0.55784E+01  0.32687E+01  0.58596E+00
  0.11038E+01  0.93074E+01  0.55722E+01  0.32633E+01  0.58563E+00
  0.11032E+01  0.92997E+01  0.55661E+01  0.32579E+01  0.58531E+00
  0.11025E+01  0.92919E+01  0.55599E+01  0.32525E+01  0.58498E+00
  0.11019E+01  0.92841E+01  0.55538E+01  0.32471E+01  0.58466E+00
  0.11012E+01  0.92763E+01  0.55476E+01  0.32417E+01  0.58433E+00
  0.11006E+01  0.92685E+01  0.55415E+01  0.32363E+01  0.58401E+00
  0.10999E+01  0.92608E+01  0.55354E+01  0.32309E+01  0.58368E+00
  0.10993E+01  0.92530E+01  0.55292E+01  0.32255E+01  0.58336E+00
  0.10986E+01  0.92452E+01  0.55231E+01  0.32202E+01  0.58303E+00
  0.10980E+01  0.92374E+01  0.55170E+01  0.32148E+01  0.58271E+00
  0.10973E+01  0.92296E+01  0.55108E+01  0.32094E+01  0.58239E+00
  0.10967E+01  0.92219E+01  0.55047E+01  0.32041E+01  0.58206E+00
  0.10960E+01  0.92141E+01  0.54986E+01  0.31987E+01  0.58174E+00
  0.10954E+01  0.92063E+01  0.54924E+01  0.31934E+01  0.58142E+00
  0.10947E+01  0.91985E+01  0.54863E+01  0.31881E+01  0.58109E+00
  0.10941E+01  0.91907E+01  0.54802E+01  0.31827E+01  0.58077E+00
  0.10934E+01  0.91830E+01  0.54741E+01  0.31774E+01  0.58045E+00
  0.10928E+01  0.91752E+01  0.54679E+01  0.31721E+01  0.58012E+00
  0.10921E+01  0.91674E+01  0.54618E+01  0.31668E+01  0.57980E+00
  0.10914E+01  0.91596E+01  0.54557E+01  0.31615E+01  0.57948E+00
  0.10908E+01  0.91518E+01  0.54496E+01  0.31562E+01  0.57916E+00
  0.10901E+01  0.91441E+01  0.54435E+01  0.31509E+01  0.57883E+00
  0.10895E+01  0.91363E+01  0.54373E+01  0.31456E+01  0.57851E+00
  0.10888E+01  0.91285E+01  0.54312E+01  0.31403E+01  0.57819E+00
  0.10882E+01  0.91207E+01  0.54251E+01  0.31350E+01  0.57787E+00
  0.10875E+01  0.91129E+01  0.54190E+01  0.31297E+01  0.57755E+00
  0.10869E+01  0.91051E+01  0.54129E+01  0.31245E+01  0.57722E+00
  0.10862E+01  0.90974E+01  0.54068E+01  0.31192E+01  0.57690E+00
  0.10856E+01  0.90896E+01  0.54007E+01  0.31139E+01  0.57658E+00
  0.10849E+01  0.90818E+01  0.53946E+01  0.31087E+01  0.57626E+00
  0.10843E+01  0.90740E+01  0.53885E+01  0.31034E+01  0.57594E+00
  0.10836E+01  0.90662E+01  0.53823E+01  0.30982E+01  0.57562E+00
  0.10829E+01  0.90584E+01  0.53762E+01  0.30930E+01  0.57530E+00
  0.10823E+01  0.90506E+01  0.53701E+01  0.30877E+01  0.57498E+00
  0.10816E+01  0.90429E+01  0.53640E+01  0.30825E+01  0.57466E+00
  0.10810E+01  0.90351E+01  0.53579E+01  0.30773E+01  0.57434E+00
  0.10803E+01  0.90273E+01  0.53518E+01  0.30721E+01  0.57402E+00
  0.10797E+01  0.90195E+01  0.53457E+01  0.30669E+01  0.57370E+00
  0.10790E+01  0.90117E+01  0.53396E+01  0.30617E+01  0.57339E+00
  0.10784E+01  0.90039E+01  0.53335E+01  0.30565E+01  0.57307E+00
  0.10777E+01  0.89961E+01  0.53274E+01  0.30513E+01  0.57275E+00
  0.10770E+01  0.89883E+01  0.53213E+01  0.30461E+01  0.57243E+00
  0.10764E+01  0.89805E+01  0.53152E+01  0.30409E+01  0.57211E+00
  0.10757E+01  0.89727E+01  0.53092E+01  0.30357E+01  0.57180E+00
  0.10751E+01  0.89649E+01  0.53031E+01  0.30306E+01  0.57148E+00
  0.10744E+01  0.89571E+01  0.52970E+01  0.30254E+01  0.57116E+00
  0.10738E+01  0.89493E+01  0.52909E+01  0.30203E+01  0.57084E+00
  0.10731E+01  0.89415E+01  0.52848E+01  0.30151E+01  0.57053E+00
  0.10724E+01  0.89337E+01  0.52787E+01  0.30100E+01  0.57021E+00
  0.10718E+01  0.89259E+01  0.52726E+01  0.30048E+01  0.56990E+00
  0.10711E+01  0.89181E+01  0.52665E+01  0.29997E+01  0.56958E+00
  0.10705E+01  0.89103E+01  0.52604E+01  0.29946E+01  0.56927E+00
  0.10698E+01  0.89024E+01  0.52544E+01  0.29895E+01  0.56895E+00
  0.10691E+01  0.88946E+01  0.52483E+01  0.29844E+01  0.56864E+00
  0.10685E+01  0.88868E+01  0.52422E+01  0.29793E+01  0.56832E+00
  0.10678E+01  0.88790E+01  0.52361E+01  0.29742E+01  0.56801E+00
  0.10672E+01  0.88712E+01  0.52300E+01  0.29691E+01  0.56770E+00
  0.10665E+01  0.88633E+01  0.52239E+01  0.29640E+01  0.56738E+00
  0.10658E+01  0.88555E+01  0.52179E+01  0.29589E+01  0.56707E+00
  0.10652E+01  0.88477E+01  0.52118E+01  0.29538E+01  0.56676E+00
  0.10645E+01  0.88398E+01  0.52057E+01  0.29487E+01  0.56645E+00
  0.10638E+01  0.88320E+01  0.51996E+01  0.29437E+01  0.56613E+00
  0.10632E+01  0.88241E+01  0.51935E+01  0.29386E+01  0.56582E+00
  0.10625E+01  0.88163E+01  0.51875E+01  0.29336E+01  0.56551E+00
  0.10619E+01  0.88084E+01  0.51814E+01  0.29285E+01  0.56520E+00
  0.10612E+01  0.88005E+01  0.51753E+01  0.29235E+01  0.56489E+00
  0.10605E+01  0.87927E+01  0.51692E+01  0.29185E+01  0.56458E+00
  0.10599E+01  0.87848E+01  0.51632E+01  0.29134E+01  0.56427E+00
  0.10592E+01  0.87769E+01  0.51571E+01  0.29084E+01  0.56397E+00
  0.10585E+01  0.87690E+01  0.51510E+01  0.29034E+01  0.56366E+00
  0.10579E+01  0.87611E+01  0.51449E+01  0.28984E+01  0.56335E+00
  0.10572E+01  0.87532E+01  0.51389E+01  0.28934E+01  0.56304E+00
  0.10565E+01  0.87453E+01  0.51328E+01  0.28884E+01  0.56274E+00
  0.10558E+01  0.87373E+01  0.51267E+01  0.28834E+01  0.56243E+00
  0.10552E+01  0.87294E+01  0.51207E+01  0.28785E+01  0.56213E+00
  0.10545E+01  0.87214E+01  0.51146E+01  0.28735E+01  0.56182E+00
  0.10538E+01  0.87134E+01  0.51085E+01  0.28685E+01  0.56152E+00
  0.10531E+01  0.87054E+01  0.51024E+01  0.28636E+01  0.56122E+00
  0.10525E+01  0.86973E+01  0.50963E+01  0.28586E+01  0.56092E+00
  0.10518E+01  0.86892E+01  0.50903E+01  0.28537E+01  0.56062E+00
  0.10511E+01  0.86811E+01  0.50842E+01  0.28488E+01  0.56032E+00
  0.10504E+01  0.86730E+01  0.50781E+01  0.28438E+01  0.56002E+00
  0.10497E+01  0.86651E+01  0.50720E+01  0.28389E+01  0.55972E+00
  0.10491E+01  0.86572E+01  0.50660E+01  0.28340E+01  0.55942E+00
  0.10484E+01  0.86494E+01  0.50599E+01  0.28291E+01  0.55911E+00
  0.10477E+01  0.86415E+01  0.50539E+01  0.28242E+01  0.55881E+00
  0.10471E+01  0.86337E+01  0.50478E+01  0.28193E+01  0.55851E+00
  0.10464E+01  0.86261E+01  0.50418E+01  0.28143E+01  0.55820E+00
  0.10458E+01  0.86184E+01  0.50357E+01  0.28094E+01  0.55790E+00
  0.10451E+01  0.86108E+01  0.50297E+01  0.28045E+01  0.55759E+00
  0.10445E+01  0.86032E+01  0.50237E+01  0.27996E+01  0.55728E+00
  0.10438E+01  0.85956E+01  0.50176E+01  0.27947E+01  0.55698E+00
  0.10432E+01  0.85880E+01  0.50116E+01  0.27898E+01  0.55667E+00
  0.10426E+01  0.85804E+01  0.50056E+01  0.27849E+01  0.55637E+00
  0.10419E+01  0.85728E+01  0.49995E+01  0.27801E+01  0.55606E+00
  0.10413E+01  0.85652E+01  0.49935E+01  0.27752E+01  0.55576E+00
  0.10406E+01  0.85576E+01  0.49875E+01  0.27703E+01  0.55545E+00
  0.10400E+01  0.85500E+01  0.49814E+01  0.27655E+01  0.55515E+00
  0.10393E+01  0.85424E+01  0.49754E+01  0.27606E+01  0.55485E+00
  0.10387E+01  0.85348E+01  0.49694E+01  0.27558E+01  0.55455E+00
  0.10380E+01  0.85271E+01  0.49634E+01  0.27509E+01  0.55424E+00
  0.10374E+01  0.85195E+01  0.49573E+01  0.27461E+01  0.55394E+00
  0.10367E+01  0.85119E+01  0.49513E+01  0.27412E+01  0.55364E+00
  0.10361E+01  0.85043E+01  0.49453E+01  0.27364E+01  0.55334E+00
  0.10355E+01  0.84967E+01  0.49393E+01  0.27316E+01  0.55304E+00
  0.10348E+01  0.84891E+01  0.49332E+01  0.27268E+01  0.55274E+00
  0.10342E+01  0.84815E+01  0.49272E+01  0.27220E+01  0.55244E+00
  0.10335E+01  0.84739E+01  0.49212E+01  0.27172E+01  0.55214E+00
  0.10329E+01  0.84663E+01  0.49152E+01  0.27124E+01  0.55184E+00
  0.10322E+01  0.84587E+01  0.49091E+01  0.27076E+01  0.55154E+00
  0.10316E+01  0.84511E+01  0.49031E+01  0.27028E+01  0.55124E+00
  0.10309E+01  0.84434E+01  0.48971E+01  0.26980E+01  0.55094E+00
  0.10303E+01  0.84358E+01  0.48911E+01  0.26933E+01  0.55065E+00
  0.10296E+01  0.84282E+01  0.48851E+01  0.26885E+01  0.55035E+00
  0.10290E+01  0.84206E+01  0.48790E+01  0.26837E+01  0.55005E+00
  0.10283E+01  0.84130E+01  0.48730E+01  0.26790E+01  0.54976E+00
  0.10277E+01  0.84054E+01  0.48670E+01  0.26742E+01  0.54946E+00
  0.10271E+01  0.83978E+01  0.48610E+01  0.26695E+01  0.54917E+00
  0.10264E+01  0.83902E+01  0.48550E+01  0.26648E+01  0.54887E+00
  0.10258E+01  0.83826E+01  0.48490E+01  0.26600E+01  0.54858E+00
  0.10251E+01  0.83750E+01  0.48430E+01  0.26553E+01  0.54828E+00
  0.10245E+01  0.83673E+01  0.48369E+01  0.26506E+01  0.54799E+00
  0.10238E+01  0.83597E+01  0.48309E+01  0.26459E+01  0.54770E+00
  0.10232E+01  0.83521E+01  0.48249E+01  0.26412E+01  0.54741E+00
  0.10225E+01  0.83445E+01  0.48189E+01  0.26365E+01  0.54711E+00
  0.10219E+01  0.83369E+01  0.48129E+01  0.26318E+01  0.54682E+00
  0.10212E+01  0.83293E+01  0.48069E+01  0.26271E+01  0.54653E+00
  0.10206E+01  0.83217E+01  0.48009E+01  0.26224E+01  0.54624E+00
  0.10199E+01  0.83141E+01  0.47949E+01  0.26178E+01  0.54595E+00
  0.10193E+01  0.83064E+01  0.47889E+01  0.26131E+01  0.54566E+00
  0.10186E+01  0.82988E+01  0.47829E+01  0.26084E+01  0.54537E+00
  0.10180E+01  0.82912E+01  0.47768E+01  0.26038E+01  0.54509E+00
  0.10173E+01  0.82836E+01  0.47708E+01  0.25991E+01  0.54480E+00
  0.10167E+01  0.82760E+01  0.47648E+01  0.25945E+01  0.54451E+00
  0.10160E+01  0.82684E+01  0.47588E+01  0.25899E+01  0.54422E+00
  0.10154E+01  0.82607E+01  0.47528E+01  0.25852E+01  0.54394E+00
  0.10147E+01  0.82531E+01  0.47468E+01  0.25806E+01  0.54365E+00
  0.10141E+01  0.82455E+01  0.47408E+01  0.25760E+01  0.54337E+00
  0.10134E+01  0.82379E+01  0.47348E+01  0.25714E+01  0.54308E+00
  0.10128E+01  0.82303E+01  0.47288E+01  0.25668E+01  0.54280E+00
  0.10121E+01  0.82226E+01  0.47228E+01  0.25622E+01  0.54251E+00
  0.10115E+01  0.82150E+01  0.47168E+01  0.25576E+01  0.54223E+00
  0.10108E+01  0.82074E+01  0.47108E+01  0.25530E+01  0.54195E+00
  0.10102E+01  0.81998E+01  0.47048E+01  0.25484E+01  0.54167E+00
  0.10096E+01  0.81922E+01  0.46988E+01  0.25439E+01  0.54139E+00
  0.10089E+01  0.81845E+01  0.46928E+01  0.25393E+01  0.54111E+00
  0.10083E+01  0.81769E+01  0.46868E+01  0.25347E+01  0.54083E+00
  0.10076E+01  0.81693E+01  0.46808E+01  0.25302E+01  0.54055E+00
  0.10070E+01  0.81617E+01  0.46748E+01  0.25256E+01  0.54027E+00
  0.10063E+01  0.81540E+01  0.46688E+01  0.25211E+01  0.53999E+00
  0.10057E+01  0.81464E+01  0.46628E+01  0.25166E+01  0.53971E+00
  0.10050E+01  0.81388E+01  0.46568E+01  0.25120E+01  0.53943E+00
  0.10044E+01  0.81312E+01  0.46508E+01  0.25075E+01  0.53916E+00
  0.10037E+01  0.81235E+01  0.46448E+01  0.25030E+01  0.53888E+00
  0.10031E+01  0.81159E+01  0.46388E+01  0.24985E+01  0.53861E+00
  0.10024E+01  0.81083E+01  0.46328E+01  0.24940E+01  0.53833E+00
  0.10017E+01  0.81006E+01  0.46268E+01  0.24895E+01  0.53806E+00
  0.10011E+01  0.80930E+01  0.46208E+01  0.24850E+01  0.53778E+00
  0.10004E+01  0.80854E+01  0.46148E+01  0.24805E+01  0.53751E+00
  0.99980E+00  0.80777E+01  0.46088E+01  0.24761E+01  0.53724E+00
  0.99915E+00  0.80701E+01  0.46029E+01  0.24716E+01  0.53697E+00
  0.99849E+00  0.80625E+01  0.45969E+01  0.24671E+01  0.53670E+00
  0.99784E+00  0.80548E+01  0.45909E+01  0.24627E+01  0.53643E+00
  0.99719E+00  0.80472E+01  0.45849E+01  0.24582E+01  0.53616E+00
  0.99654E+00  0.80396E+01  0.45789E+01  0.24538E+01  0.53589E+00
  0.99589E+00  0.80319E+01  0.45729E+01  0.24493E+01  0.53562E+00
  0.99523E+00  0.80243E+01  0.45669E+01  0.24449E+01  0.53535E+00
  0.99458E+00  0.80166E+01  0.45609E+01  0.24405E+01  0.53509E+00
  0.99393E+00  0.80090E+01  0.45549E+01  0.24361E+01  0.53482E+00
  0.99328E+00  0.80013E+01  0.45489E+01  0.24316E+01  0.53455E+00
  0.99262E+00  0.79937E+01  0.45429E+01  0.24272E+01  0.53429E+00
  0.99197E+00  0.79860E+01  0.45369E+01  0.24228E+01  0.53403E+00
  0.99132E+00  0.79784E+01  0.45310E+01  0.24185E+01  0.53376E+00
  0.99067E+00  0.79707E+01  0.45250E+01  0.24141E+01  0.53350E+00
  0.99001E+00  0.79631E+01  0.45190E+01  0.24097E+01  0.53324E+00
  0.98936E+00  0.79554E+01  0.45130E+01  0.24053E+01  0.53298E+00
  0.98870E+00  0.79478E+01  0.45070E+01  0.24010E+01  0.53272E+00
  0.98805E+00  0.79401E+01  0.45010E+01  0.23966E+01  0.53246E+00
  0.98740E+00  0.79325E+01  0.44950E+01  0.23922E+01  0.53220E+00
  0.98674E+00  0.79248E+01  0.44890E+01  0.23879E+01  0.53194E+00
  0.98609E+00  0.79171E+01  0.44830E+01  0.23836E+01  0.53168E+00
  0.98543E+00  0.79095E+01  0.44771E+01  0.23792E+01  0.53143E+00
  0.98478E+00  0.79018E+01  0.44711E+01  0.23749E+01  0.53117E+00
  0.98412E+00  0.78941E+01  0.44651E+01  0.23706E+01  0.53091E+00
  0.98347E+00  0.78865E+01  0.44591E+01  0.23663E+01  0.53066E+00
  0.98281E+00  0.78788E+01  0.44531E+01  0.23620E+01  0.53041E+00
  0.98216E+00  0.78711E+01  0.44471E+01  0.23577E+01  0.53015E+00
  0.98150E+00  0.78634E+01  0.44411E+01  0.23534E+01  0.52990E+00
  0.98085E+00  0.78558E+01  0.44352E+01  0.23491E+01  0.52965E+00
  0.98019E+00  0.78481E+01  0.44292E+01  0.23448E+01  0.52940E+00
  0.97953E+00  0.78404E+01  0.44232E+01  0.23405E+01  0.52915E+00
  0.97888E+00  0.78327E+01  0.44172E+01  0.23363E+01  0.52890E+00
  0.97822E+00  0.78250E+01  0.44112E+01  0.23320E+01  0.52866E+00
  0.97756E+00  0.78173E+01  0.44052E+01  0.23278E+01  0.52841E+00
  0.97690E+00  0.78096E+01  0.43992E+01  0.23235E+01  0.52816E+00
  0.97624E+00  0.78019E+01  0.43932E+01  0.23193E+01  0.52792E+00
  0.97559E+00  0.77942E+01  0.43873E+01  0.23151E+01  0.52768E+00
  0.97493E+00  0.77865E+01  0.43813E+01  0.23108E+01  0.52743E+00
  0.97427E+00  0.77788E+01  0.43753E+01  0.23066E+01  0.52719E+00
  0.97361E+00  0.77711E+01  0.43693E+01  0.23024E+01  0.52695E+00
  0.97295E+00  0.77634E+01  0.43633E+01  0.22982E+01  0.52671E+00
  0.97229E+00  0.77556E+01  0.43573E+01  0.22940E+01  0.52647E+00
  0.97163E+00  0.77479E+01  0.43513E+01  0.22898E+01  0.52623E+00
  0.97096E+00  0.77402E+01  0.43454E+01  0.22856E+01  0.52600E+00
  0.97030E+00  0.77324E+01  0.43394E+01  0.22815E+01  0.52576E+00
  0.96964E+00  0.77247E+01  0.43334E+01  0.22773E+01  0.52553E+00
  0.96898E+00  0.77169E+01  0.43274E+01  0.22731E+01  0.52529E+00
  0.96831E+00  0.77091E+01  0.43214E+01  0.22690E+01  0.52506E+00
  0.96764E+00  0.77014E+01  0.43154E+01  0.22649E+01  0.52483E+00
  0.96698E+00  0.76936E+01  0.43094E+01  0.22607E+01  0.52460E+00
  0.96631E+00  0.76857E+01  0.43034E+01  0.22566E+01  0.52437E+00
  0.96564E+00  0.76779E+01  0.42974E+01  0.22525E+01  0.52415E+00
  0.96496E+00  0.76700E+01  0.42914E+01  0.22484E+01  0.52392E+00
  0.96429E+00  0.76621E+01  0.42854E+01  0.22443E+01  0.52370E+00
  0.96361E+00  0.76542E+01  0.42794E+01  0.22402E+01  0.52349E+00
  0.96296E+00  0.76466E+01  0.42734E+01  0.22361E+01  0.52325E+00
  0.96231E+00  0.76390E+01  0.42675E+01  0.22320E+01  0.52302E+00
  0.96165E+00  0.76313E+01  0.42615E+01  0.22279E+01  0.52279E+00
  0.96100E+00  0.76237E+01  0.42555E+01  0.22238E+01  0.52256E+00
  0.96035E+00  0.76161E+01  0.42496E+01  0.22197E+01  0.52233E+00
  0.95970E+00  0.76085E+01  0.42436E+01  0.22156E+01  0.52211E+00
  0.95905E+00  0.76009E+01  0.42376E+01  0.22115E+01  0.52188E+00
  0.95840E+00  0.75933E+01  0.42317E+01  0.22075E+01  0.52165E+00
  0.95775E+00  0.75857E+01  0.42257E+01  0.22034E+01  0.52143E+00
  0.95709E+00  0.75780E+01  0.42197E+01  0.21993E+01  0.52120E+00
  0.95644E+00  0.75704E+01  0.42138E+01  0.21953E+01  0.52098E+00
  0.95579E+00  0.75628E+01  0.42078E+01  0.21912E+01  0.52076E+00
  0.95514E+00  0.75552E+01  0.42018E+01  0.21872E+01  0.52054E+00
  0.95448E+00  0.75476E+01  0.41959E+01  0.21832E+01  0.52032E+00
  0.95383E+00  0.75399E+01  0.41899E+01  0.21792E+01  0.52010E+00
  0.95318E+00  0.75323E+01  0.41839E+01  0.21751E+01  0.51988E+00
  0.95252E+00  0.75247E+01  0.41780E+01  0.21711E+01  0.51966E+00
  0.95187E+00  0.75170E+01  0.41720E+01  0.21671E+01  0.51945E+00
  0.95122E+00  0.75094E+01  0.41660E+01  0.21631E+01  0.51923E+00
  0.95056E+00  0.75018E+01  0.41601E+01  0.21591E+01  0.51902E+00
  0.94991E+00  0.74941E+01  0.41541E+01  0.21552E+01  0.51880E+00
  0.94926E+00  0.74865E+01  0.41481E+01  0.21512E+01  0.51859E+00
  0.94860E+00  0.74789E+01  0.41422E+01  0.21472E+01  0.51838E+00
  0.94795E+00  0.74712E+01  0.41362E+01  0.21432E+01  0.51817E+00
  0.94729E+00  0.74636E+01  0.41302E+01  0.21393E+01  0.51796E+00
  0.94664E+00  0.74559E+01  0.41243E+01  0.21353E+01  0.51775E+00
  0.94598E+00  0.74483E+01  0.41183E+01  0.21314E+01  0.51754E+00
  0.94533E+00  0.74406E+01  0.41123E+01  0.21275E+01  0.51734E+00
  0.94467E+00  0.74330E+01  0.41064E+01  0.21235E+01  0.51713E+00
  0.94402E+00  0.74253E+01  0.41004E+01  0.21196E+01  0.51693E+00
  0.94336E+00  0.74177E+01  0.40945E+01  0.21157E+01  0.51672E+00
  0.94270E+00  0.74100E+01  0.40885E+01  0.21118E+01  0.51652E+00
  0.94205E+00  0.74024E+01  0.40825E+01  0.21079E+01  0.51632E+00
  0.94139E+00  0.73947E+01  0.40766E+01  0.21040E+01  0.51612E+00
  0.94073E+00  0.73870E+01  0.40706E+01  0.21001E+01  0.51592E+00
  0.94008E+00  0.73794E+01  0.40646E+01  0.20962E+01  0.51573E+00
  0.93942E+00  0.73717E+01  0.40587E+01  0.20924E+01  0.51553E+00
  0.93876E+00  0.73640E+01  0.40527E+01  0.20885E+01  0.51533E+00
  0.93810E+00  0.73563E+01  0.40467E+01  0.20846E+01  0.51514E+00
  0.93744E+00  0.73487E+01  0.40408E+01  0.20808E+01  0.51495E+00
  0.93679E+00  0.73410E+01  0.40348E+01  0.20769E+01  0.51475E+00
  0.93613E+00  0.73333E+01  0.40288E+01  0.20731E+01  0.51456E+00
  0.93547E+00  0.73256E+01  0.40229E+01  0.20693E+01  0.51438E+00
  0.93481E+00  0.73179E+01  0.40169E+01  0.20654E+01  0.51419E+00
  0.93415E+00  0.73102E+01  0.40109E+01  0.20616E+01  0.51400E+00
  0.93349E+00  0.73025E+01  0.40050E+01  0.20578E+01  0.51381E+00
  0.93283E+00  0.72948E+01  0.39990E+01  0.20540E+01  0.51363E+00
  0.93216E+00  0.72871E+01  0.39930E+01  0.20502E+01  0.51345E+00
  0.93150E+00  0.72794E+01  0.39871E+01  0.20464E+01  0.51327E+00
  0.93084E+00  0.72716E+01  0.39811E+01  0.20426E+01  0.51309E+00
  0.93018E+00  0.72639E+01  0.39751E+01  0.20389E+01  0.51291E+00
  0.92951E+00  0.72562E+01  0.39692E+01  0.20351E+01  0.51273E+00
  0.92885E+00  0.72484E+01  0.39632E+01  0.20314E+01  0.51255E+00
  0.92819E+00  0.72407E+01  0.39572E+01  0.20276E+01  0.51238E+00
  0.92752E+00  0.72329E+01  0.39513E+01  0.20239E+01  0.51221E+00
  0.92685E+00  0.72252E+01  0.39453E+01  0.20201E+01  0.51204E+00
  0.92619E+00  0.72174E+01  0.39393E+01  0.20164E+01  0.51187E+00
  0.92552E+00  0.72096E+01  0.39333E+01  0.20127E+01  0.51170E+00
  0.92485E+00  0.72018E+01  0.39274E+01  0.20090E+01  0.51153E+00
  0.92418E+00  0.71940E+01  0.39214E+01  0.20053E+01  0.51137E+00
  0.92351E+00  0.71861E+01  0.39154E+01  0.20016E+01  0.51121E+00
  0.92283E+00  0.71783E+01  0.39094E+01  0.19979E+01  0.51105E+00
  0.92216E+00  0.71704E+01  0.39034E+01  0.19942E+01  0.51089E+00
  0.92149E+00  0.71626E+01  0.38975E+01  0.19906E+01  0.51073E+00
  0.92081E+00  0.71548E+01  0.38915E+01  0.19869E+01  0.51057E+00
  0.92016E+00  0.71472E+01  0.38855E+01  0.19832E+01  0.51040E+00
  0.91951E+00  0.71396E+01  0.38796E+01  0.19795E+01  0.51023E+00
  0.91886E+00  0.71321E+01  0.38737E+01  0.19758E+01  0.51006E+00
  0.91821E+00  0.71245E+01  0.38677E+01  0.19721E+01  0.50990E+00
  0.91756E+00  0.71169E+01  0.38618E+01  0.19685E+01  0.50973E+00
  0.91691E+00  0.71093E+01  0.38558E+01  0.19648E+01  0.50956E+00
  0.91626E+00  0.71018E+01  0.38499E+01  0.19611E+01  0.50940E+00
  0.91561E+00  0.70942E+01  0.38440E+01  0.19575E+01  0.50924E+00
  0.91496E+00  0.70866E+01  0.38380E+01  0.19538E+01  0.50907E+00
  0.91431E+00  0.70791E+01  0.38321E+01  0.19502E+01  0.50891E+00
  0.91366E+00  0.70715E+01  0.38262E+01  0.19466E+01  0.50875E+00
  0.91301E+00  0.70639E+01  0.38202E+01  0.19430E+01  0.50860E+00
  0.91236E+00  0.70563E+01  0.38143E+01  0.19393E+01  0.50844E+00
  0.91171E+00  0.70487E+01  0.38084E+01  0.19357E+01  0.50828E+00
  0.91106E+00  0.70412E+01  0.38024E+01  0.19321E+01  0.50813E+00
  0.91041E+00  0.70336E+01  0.37965E+01  0.19285E+01  0.50797E+00
  0.90975E+00  0.70260E+01  0.37906E+01  0.19249E+01  0.50782E+00
  0.90910E+00  0.70184E+01  0.37846E+01  0.19213E+01  0.50767E+00
  0.90845E+00  0.70108E+01  0.37787E+01  0.19178E+01  0.50752E+00
  0.90780E+00  0.70032E+01  0.37727E+01  0.19142E+01  0.50737E+00
  0.90714E+00  0.69956E+01  0.37668E+01  0.19106E+01  0.50722E+00
  0.90649E+00  0.69880E+01  0.37609E+01  0.19071E+01  0.50708E+00
  0.90584E+00  0.69804E+01  0.37549E+01  0.19035E+01  0.50693E+00
  0.90519E+00  0.69728E+01  0.37490E+01  0.19000E+01  0.50679E+00
  0.90453E+00  0.69652E+01  0.37431E+01  0.18964E+01  0.50665E+00
  0.90388E+00  0.69576E+01  0.37371E+01  0.18929E+01  0.50651E+00
  0.90323E+00  0.69500E+01  0.37312E+01  0.18894E+01  0.50637E+00
  0.90257E+00  0.69424E+01  0.37253E+01  0.18858E+01  0.50623E+00
  0.90192E+00  0.69348E+01  0.37193E+01  0.18823E+01  0.50609E+00
  0.90126E+00  0.69272E+01  0.37134E+01  0.18788E+01  0.50596E+00
  0.90061E+00  0.69196E+01  0.37075E+01  0.18753E+01  0.50582E+00
  0.89995E+00  0.69120E+01  0.37015E+01  0.18718E+01  0.50569E+00
  0.89930E+00  0.69044E+01  0.36956E+01  0.18683E+01  0.50556E+00
  0.89864E+00  0.68967E+01  0.36897E+01  0.18649E+01  0.50543E+00
  0.89799E+00  0.68891E+01  0.36837E+01  0.18614E+01  0.50530E+00
  0.89733E+00  0.68815E+01  0.36778E+01  0.18579E+01  0.50517E+00
  0.89667E+00  0.68739E+01  0.36719E+01  0.18545E+01  0.50505E+00
  0.89602E+00  0.68662E+01  0.36660E+01  0.18510E+01  0.50492E+00
  0.89536E+00  0.68586E+01  0.36600E+01  0.18476E+01  0.50480E+00
  0.89470E+00  0.68509E+01  0.36541E+01  0.18441E+01  0.50468E+00
  0.89404E+00  0.68433E+01  0.36482E+01  0.18407E+01  0.50456E+00
  0.89338E+00  0.68357E+01  0.36422E+01  0.18373E+01  0.50444E+00
  0.89273E+00  0.68280E+01  0.36363E+01  0.18339E+01  0.50433E+00
  0.89207E+00  0.68203E+01  0.36304E+01  0.18305E+01  0.50421E+00
  0.89141E+00  0.68127E+01  0.36244E+01  0.18271E+01  0.50410E+00
  0.89074E+00  0.68050E+01  0.36185E+01  0.18237E+01  0.50399E+00
  0.89008E+00  0.67973E+01  0.36125E+01  0.18203E+01  0.50388E+00
  0.88942E+00  0.67896E+01  0.36066E+01  0.18169E+01  0.50377E+00
  0.88876E+00  0.67819E+01  0.36007E+01  0.18135E+01  0.50367E+00
  0.88809E+00  0.67742E+01  0.35947E+01  0.18102E+01  0.50357E+00
  0.88742E+00  0.67664E+01  0.35888E+01  0.18068E+01  0.50347E+00
  0.88676E+00  0.67587E+01  0.35828E+01  0.18035E+01  0.50337E+00
  0.88608E+00  0.67509E+01  0.35769E+01  0.18002E+01  0.50328E+00
  0.88541E+00  0.67430E+01  0.35709E+01  0.17968E+01  0.50319E+00
  0.88474E+00  0.67353E+01  0.35650E+01  0.17935E+01  0.50309E+00
  0.88409E+00  0.67278E+01  0.35591E+01  0.17902E+01  0.50298E+00
  0.88344E+00  0.67203E+01  0.35532E+01  0.17868E+01  0.50288E+00
  0.88280E+00  0.67127E+01  0.35473E+01  0.17835E+01  0.50277E+00
  0.88215E+00  0.67052E+01  0.35414E+01  0.17801E+01  0.50267E+00
  0.88150E+00  0.66977E+01  0.35355E+01  0.17768E+01  0.50257E+00
  0.88085E+00  0.66902E+01  0.35296E+01  0.17735E+01  0.50246E+00
  0.88020E+00  0.66826E+01  0.35237E+01  0.17702E+01  0.50236E+00
  0.87955E+00  0.66751E+01  0.35178E+01  0.17669E+01  0.50226E+00
  0.87890E+00  0.66676E+01  0.35119E+01  0.17635E+01  0.50217E+00
  0.87825E+00  0.66600E+01  0.35060E+01  0.17603E+01  0.50207E+00
  0.87760E+00  0.66525E+01  0.35001E+01  0.17570E+01  0.50198E+00
  0.87695E+00  0.66450E+01  0.34942E+01  0.17537E+01  0.50188E+00
  0.87630E+00  0.66375E+01  0.34883E+01  0.17504E+01  0.50179E+00
  0.87565E+00  0.66299E+01  0.34824E+01  0.17471E+01  0.50170E+00
  0.87500E+00  0.66224E+01  0.34765E+01  0.17438E+01  0.50161E+00
  0.87435E+00  0.66149E+01  0.34706E+01  0.17406E+01  0.50152E+00
  0.87370E+00  0.66073E+01  0.34647E+01  0.17373E+01  0.50144E+00
  0.87305E+00  0.65998E+01  0.34588E+01  0.17341E+01  0.50135E+00
  0.87240E+00  0.65923E+01  0.34529E+01  0.17308E+01  0.50127E+00
  0.87175E+00  0.65847E+01  0.34470E+01  0.17276E+01  0.50119E+00
  0.87110E+00  0.65772E+01  0.34411E+01  0.17244E+01  0.50111E+00
  0.87045E+00  0.65696E+01  0.34352E+01  0.17211E+01  0.50103E+00
  0.86980E+00  0.65621E+01  0.34293E+01  0.17179E+01  0.50095E+00
  0.86914E+00  0.65546E+01  0.34235E+01  0.17147E+01  0.50087E+00
  0.86849E+00  0.65470E+01  0.34176E+01  0.17115E+01  0.50080E+00
  0.86784E+00  0.65395E+01  0.34117E+01  0.17083E+01  0.50072E+00
  0.86719E+00  0.65319E+01  0.34058E+01  0.17051E+01  0.50065E+00
  0.86654E+00  0.65244E+01  0.33999E+01  0.17019E+01  0.50058E+00
  0.86588E+00  0.65169E+01  0.33940E+01  0.16987E+01  0.50051E+00
  0.86523E+00  0.65093E+01  0.33881E+01  0.16956E+01  0.50044E+00
  0.86458E+00  0.65018E+01  0.33822E+01  0.16924E+01  0.50038E+00
  0.86393E+00  0.64942E+01  0.33764E+01  0.16892E+01  0.50031E+00
  0.86327E+00  0.64867E+01  0.33705E+01  0.16861E+01  0.50025E+00
  0.86262E+00  0.64791E+01  0.33646E+01  0.16829E+01  0.50019E+00
  0.86197E+00  0.64716E+01  0.33587E+01  0.16798E+01  0.50013E+00
  0.86131E+00  0.64640E+01  0.33528E+01  0.16766E+01  0.50007E+00
  0.86066E+00  0.64565E+01  0.33469E+01  0.16735E+01  0.50001E+00
  0.86001E+00  0.64490E+01  0.33411E+01  0.16704E+01  0.49996E+00
  0.85935E+00  0.64414E+01  0.33352E+01  0.16673E+01  0.49990E+00
  0.85870E+00  0.64338E+01  0.33293E+01  0.16642E+01  0.49985E+00
  0.85805E+00  0.64263E+01  0.33234E+01  0.16610E+01  0.49980E+00
  0.85739E+00  0.64187E+01  0.33176E+01  0.16579E+01  0.49975E+00
  0.85674E+00  0.64112E+01  0.33117E+01  0.16549E+01  0.49970E+00
  0.85608E+00  0.64036E+01  0.33058E+01  0.16518E+01  0.49966E+00
  0.85543E+00  0.63961E+01  0.32999E+01  0.16487E+01  0.49961E+00
  0.85477E+00  0.63885E+01  0.32941E+01  0.16456E+01  0.49957E+00
  0.85412E+00  0.63810E+01  0.32882E+01  0.16425E+01  0.49953E+00
  0.85346E+00  0.63734E+01  0.32823E+01  0.16395E+01  0.49949E+00
  0.85281E+00  0.63659E+01  0.32764E+01  0.16364E+01  0.49945E+00
  0.85215E+00  0.63583E+01  0.32706E+01  0.16334E+01  0.49941E+00
  0.85150E+00  0.63507E+01  0.32647E+01  0.16303E+01  0.49937E+00
  0.85084E+00  0.63432E+01  0.32588E+01  0.16273E+01  0.49934E+00
  0.85018E+00  0.63356E+01  0.32530E+01  0.16242E+01  0.49931E+00
  0.84953E+00  0.63280E+01  0.32471E+01  0.16212E+01  0.49928E+00
  0.84887E+00  0.63205E+01  0.32412E+01  0.16182E+01  0.49925E+00
  0.84821E+00  0.63129E+01  0.32354E+01  0.16152E+01  0.49922E+00
  0.84756E+00  0.63054E+01  0.32295E+01  0.16121E+01  0.49920E+00
  0.84690E+00  0.62978E+01  0.32236E+01  0.16091E+01  0.49917E+00
  0.84624E+00  0.62902E+01  0.32178E+01  0.16061E+01  0.49915E+00
  0.84559E+00  0.62826E+01  0.32119E+01  0.16032E+01  0.49913E+00
  0.84493E+00  0.62751E+01  0.32060E+01  0.16002E+01  0.49911E+00
  0.84427E+00  0.62675E+01  0.32002E+01  0.15972E+01  0.49909E+00
  0.84361E+00  0.62599E+01  0.31943E+01  0.15942E+01  0.49908E+00
  0.84295E+00  0.62524E+01  0.31884E+01  0.15912E+01  0.49907E+00
  0.84229E+00  0.62448E+01  0.31826E+01  0.15883E+01  0.49905E+00
  0.84163E+00  0.62372E+01  0.31767E+01  0.15853E+01  0.49904E+00
  0.84098E+00  0.62296E+01  0.31709E+01  0.15824E+01  0.49903E+00
  0.84032E+00  0.62220E+01  0.31650E+01  0.15794E+01  0.49903E+00
  0.83966E+00  0.62145E+01  0.31592E+01  0.15765E+01  0.49902E+00
  0.83900E+00  0.62069E+01  0.31533E+01  0.15736E+01  0.49902E+00
  0.83834E+00  0.61993E+01  0.31475E+01  0.15706E+01  0.49902E+00
  0.83768E+00  0.61917E+01  0.31416E+01  0.15677E+01  0.49902E+00
  0.83702E+00  0.61841E+01  0.31357E+01  0.15648E+01  0.49902E+00
  0.83635E+00  0.61765E+01  0.31299E+01  0.15619E+01  0.49902E+00
  0.83569E+00  0.61689E+01  0.31240E+01  0.15590E+01  0.49903E+00
  0.83503E+00  0.61613E+01  0.31182E+01  0.15561E+01  0.49904E+00
  0.83437E+00  0.61538E+01  0.31123E+01  0.15532E+01  0.49905E+00
  0.83371E+00  0.61462E+01  0.31065E+01  0.15503E+01  0.49906E+00
  0.83305E+00  0.61386E+01  0.31007E+01  0.15474E+01  0.49907E+00
  0.83238E+00  0.61310E+01  0.30948E+01  0.15446E+01  0.49909E+00
  0.83172E+00  0.61234E+01  0.30890E+01  0.15417E+01  0.49910E+00
  0.83106E+00  0.61158E+01  0.30831E+01  0.15389E+01  0.49912E+00
  0.83039E+00  0.61081E+01  0.30773E+01  0.15360E+01  0.49914E+00
  0.82973E+00  0.61005E+01  0.30714E+01  0.15332E+01  0.49917E+00
  0.82906E+00  0.60929E+01  0.30656E+01  0.15303E+01  0.49919E+00
  0.82840E+00  0.60853E+01  0.30597E+01  0.15275E+01  0.49922E+00
  0.82773E+00  0.60777E+01  0.30539E+01  0.15246E+01  0.49925E+00
  0.82707E+00  0.60701E+01  0.30481E+01  0.15218E+01  0.49928E+00
  0.82640E+00  0.60624E+01  0.30422E+01  0.15190E+01  0.49931E+00
  0.82574E+00  0.60548E+01  0.30364E+01  0.15162E+01  0.49934E+00
  0.82507E+00  0.60472E+01  0.30305E+01  0.15134E+01  0.49938E+00
  0.82440E+00  0.60396E+01  0.30247E+01  0.15106E+01  0.49942E+00
  0.82373E+00  0.60319E+01  0.30189E+01  0.15078E+01  0.49946E+00
  0.82307E+00  0.60243E+01  0.30130E+01  0.15050E+01  0.49950E+00
  0.82240E+00  0.60166E+01  0.30072E+01  0.15022E+01  0.49955E+00
  0.82173E+00  0.60090E+01  0.30014E+01  0.14995E+01  0.49960E+00
  0.82106E+00  0.60013E+01  0.29955E+01  0.14967E+01  0.49965E+00
  0.82039E+00  0.59937E+01  0.29897E+01  0.14940E+01  0.49970E+00
  0.81972E+00  0.59860E+01  0.29839E+01  0.14912E+01  0.49976E+00
  0.81904E+00  0.59783E+01  0.29780E+01  0.14885E+01  0.49981E+00
  0.81837E+00  0.59707E+01  0.29722E+01  0.14857E+01  0.49987E+00
  0.81770E+00  0.59630E+01  0.29664E+01  0.14830E+01  0.49994E+00
  0.81702E+00  0.59553E+01  0.29605E+01  0.14803E+01  0.50000E+00
  0.81635E+00  0.59476E+01  0.29547E+01  0.14776E+01  0.50007E+00
  0.81567E+00  0.59399E+01  0.29489E+01  0.14748E+01  0.50014E+00
  0.81500E+00  0.59321E+01  0.29430E+01  0.14721E+01  0.50021E+00
  0.81432E+00  0.59244E+01  0.29372E+01  0.14695E+01  0.50029E+00
  0.81364E+00  0.59167E+01  0.29314E+01  0.14668E+01  0.50037E+00
  0.81296E+00  0.59089E+01  0.29255E+01  0.14641E+01  0.50046E+00
  0.81227E+00  0.59011E+01  0.29197E+01  0.14614E+01  0.50054E+00
  0.81159E+00  0.58933E+01  0.29138E+01  0.14588E+01  0.50064E+00
  0.81090E+00  0.58855E+01  0.29080E+01  0.14561E+01  0.50074E+00
  0.81021E+00  0.58776E+01  0.29021E+01  0.14535E+01  0.50084E+00
  0.80951E+00  0.58697E+01  0.28963E+01  0.14509E+01  0.50095E+00
  0.80880E+00  0.58616E+01  0.28904E+01  0.14483E+01  0.50108E+00
  0.80812E+00  0.58538E+01  0.28845E+01  0.14457E+01  0.50118E+00
  0.80745E+00  0.58462E+01  0.28788E+01  0.14430E+01  0.50126E+00
  0.80678E+00  0.58387E+01  0.28730E+01  0.14403E+01  0.50134E+00
  0.80612E+00  0.58311E+01  0.28672E+01  0.14377E+01  0.50143E+00
  0.80545E+00  0.58235E+01  0.28614E+01  0.14350E+01  0.50152E+00
  0.80478E+00  0.58159E+01  0.28556E+01  0.14324E+01  0.50161E+00
  0.80411E+00  0.58083E+01  0.28498E+01  0.14298E+01  0.50170E+00
  0.80344E+00  0.58007E+01  0.28440E+01  0.14271E+01  0.50180E+00
  0.80276E+00  0.57930E+01  0.28382E+01  0.14245E+01  0.50189E+00
  0.80209E+00  0.57854E+01  0.28325E+01  0.14219E+01  0.50200E+00
  0.80141E+00  0.57777E+01  0.28267E+01  0.14193E+01  0.50210E+00
  0.80074E+00  0.57700E+01  0.28209E+01  0.14167E+01  0.50222E+00
  0.80006E+00  0.57624E+01  0.28151E+01  0.14141E+01  0.50233E+00
  0.79939E+00  0.57547E+01  0.28093E+01  0.14115E+01  0.50244E+00
  0.79871E+00  0.57471E+01  0.28035E+01  0.14089E+01  0.50255E+00
  0.79806E+00  0.57397E+01  0.27978E+01  0.14063E+01  0.50264E+00
  0.79741E+00  0.57323E+01  0.27921E+01  0.14037E+01  0.50272E+00
  0.79676E+00  0.57250E+01  0.27864E+01  0.14010E+01  0.50281E+00
  0.79611E+00  0.57176E+01  0.27807E+01  0.13984E+01  0.50290E+00
  0.79545E+00  0.57102E+01  0.27750E+01  0.13958E+01  0.50299E+00
  0.79480E+00  0.57028E+01  0.27692E+01  0.13932E+01  0.50309E+00
  0.79415E+00  0.56955E+01  0.27635E+01  0.13906E+01  0.50318E+00
  0.79350E+00  0.56881E+01  0.27578E+01  0.13880E+01  0.50328E+00
  0.79285E+00  0.56807E+01  0.27521E+01  0.13854E+01  0.50338E+00
  0.79219E+00  0.56734E+01  0.27464E+01  0.13828E+01  0.50348E+00
  0.79154E+00  0.56660E+01  0.27407E+01  0.13802E+01  0.50358E+00
  0.79089E+00  0.56586E+01  0.27350E+01  0.13776E+01  0.50368E+00
  0.79024E+00  0.56513E+01  0.27293E+01  0.13750E+01  0.50379E+00
  0.78958E+00  0.56439E+01  0.27236E+01  0.13724E+01  0.50390E+00
  0.78893E+00  0.56366E+01  0.27179E+01  0.13699E+01  0.50401E+00
  0.78828E+00  0.56292E+01  0.27122E+01  0.13673E+01  0.50412E+00
  0.78762E+00  0.56218E+01  0.27066E+01  0.13647E+01  0.50423E+00
  0.78697E+00  0.56145E+01  0.27009E+01  0.13622E+01  0.50435E+00
  0.78631E+00  0.56071E+01  0.26952E+01  0.13596E+01  0.50446E+00
  0.78566E+00  0.55998E+01  0.26895E+01  0.13571E+01  0.50458E+00
  0.78501E+00  0.55924E+01  0.26838E+01  0.13545E+01  0.50470E+00
  0.78435E+00  0.55850E+01  0.26782E+01  0.13520E+01  0.50482E+00
  0.78370E+00  0.55777E+01  0.26725E+01  0.13495E+01  0.50495E+00
  0.78304E+00  0.55703E+01  0.26668E+01  0.13469E+01  0.50507E+00
  0.78239E+00  0.55630E+01  0.26611E+01  0.13444E+01  0.50520E+00
  0.78173E+00  0.55556E+01  0.26555E+01  0.13419E+01  0.50533E+00
  0.78108E+00  0.55482E+01  0.26498E+01  0.13394E+01  0.50546E+00
  0.78042E+00  0.55409E+01  0.26441E+01  0.13369E+01  0.50560E+00
  0.77977E+00  0.55335E+01  0.26385E+01  0.13344E+01  0.50573E+00
  0.77911E+00  0.55262E+01  0.26328E+01  0.13319E+01  0.50587E+00
  0.77845E+00  0.55188E+01  0.26272E+01  0.13294E+01  0.50601E+00
  0.77780E+00  0.55115E+01  0.26215E+01  0.13269E+01  0.50615E+00
  0.77714E+00  0.55041E+01  0.26159E+01  0.13244E+01  0.50629E+00
  0.77649E+00  0.54968E+01  0.26102E+01  0.13219E+01  0.50644E+00
  0.77583E+00  0.54894E+01  0.26046E+01  0.13194E+01  0.50658E+00
  0.77517E+00  0.54821E+01  0.25989E+01  0.13170E+01  0.50673E+00
  0.77451E+00  0.54747E+01  0.25933E+01  0.13145E+01  0.50688E+00
  0.77386E+00  0.54674E+01  0.25876E+01  0.13120E+01  0.50704E+00
  0.77320E+00  0.54600E+01  0.25820E+01  0.13096E+01  0.50719E+00
  0.77254E+00  0.54527E+01  0.25764E+01  0.13071E+01  0.50735E+00
  0.77188E+00  0.54453E+01  0.25707E+01  0.13047E+01  0.50751E+00
  0.77123E+00  0.54380E+01  0.25651E+01  0.13022E+01  0.50767E+00
  0.77057E+00  0.54306E+01  0.25595E+01  0.12998E+01  0.50783E+00
  0.76991E+00  0.54233E+01  0.25538E+01  0.12973E+01  0.50799E+00
  0.76925E+00  0.54160E+01  0.25482E+01  0.12949E+01  0.50816E+00
  0.76859E+00  0.54086E+01  0.25426E+01  0.12925E+01  0.50833E+00
  0.76793E+00  0.54013E+01  0.25370E+01  0.12900E+01  0.50850E+00
  0.76727E+00  0.53939E+01  0.25314E+01  0.12876E+01  0.50867E+00
  0.76661E+00  0.53866E+01  0.25257E+01  0.12852E+01  0.50884E+00
  0.76595E+00  0.53792E+01  0.25201E+01  0.12828E+01  0.50902E+00
  0.76529E+00  0.53719E+01  0.25145E+01  0.12804E+01  0.50920E+00
  0.76463E+00  0.53646E+01  0.25089E+01  0.12780E+01  0.50938E+00
  0.76397E+00  0.53572E+01  0.25033E+01  0.12756E+01  0.50956E+00
  0.76331E+00  0.53499E+01  0.24977E+01  0.12732E+01  0.50974E+00
  0.76265E+00  0.53425E+01  0.24921E+01  0.12708E+01  0.50993E+00
  0.76199E+00  0.53352E+01  0.24865E+01  0.12684E+01  0.51012E+00
  0.76133E+00  0.53279E+01  0.24809E+01  0.12660E+01  0.51031E+00
  0.76066E+00  0.53205E+01  0.24753E+01  0.12637E+01  0.51050E+00
  0.76000E+00  0.53132E+01  0.24697E+01  0.12613E+01  0.51070E+00
  0.75934E+00  0.53058E+01  0.24642E+01  0.12589E+01  0.51089E+00
  0.75868E+00  0.52985E+01  0.24586E+01  0.12566E+01  0.51109E+00
  0.75801E+00  0.52912E+01  0.24530E+01  0.12542E+01  0.51129E+00
  0.75735E+00  0.52838E+01  0.24474E+01  0.12518E+01  0.51150E+00
  0.75669E+00  0.52765E+01  0.24418E+01  0.12495E+01  0.51170E+00
  0.75602E+00  0.52692E+01  0.24363E+01  0.12472E+01  0.51191E+00
  0.75536E+00  0.52618E+01  0.24307E+01  0.12448E+01  0.51212E+00
  0.75469E+00  0.52545E+01  0.24251E+01  0.12425E+01  0.51233E+00
  0.75403E+00  0.52471E+01  0.24196E+01  0.12401E+01  0.51254E+00
  0.75336E+00  0.52398E+01  0.24140E+01  0.12378E+01  0.51276E+00
  0.75270E+00  0.52325E+01  0.24085E+01  0.12355E+01  0.51298E+00
  0.75203E+00  0.52251E+01  0.24029E+01  0.12332E+01  0.51320E+00
  0.75137E+00  0.52178E+01  0.23973E+01  0.12309E+01  0.51342E+00
  0.75070E+00  0.52105E+01  0.23918E+01  0.12285E+01  0.51365E+00
  0.75003E+00  0.52031E+01  0.23862E+01  0.12262E+01  0.51388E+00
  0.74937E+00  0.51958E+01  0.23807E+01  0.12239E+01  0.51411E+00
  0.74870E+00  0.51884E+01  0.23752E+01  0.12216E+01  0.51434E+00
  0.74803E+00  0.51811E+01  0.23696E+01  0.12193E+01  0.51457E+00
  0.74736E+00  0.51738E+01  0.23641E+01  0.12170E+01  0.51481E+00
  0.74669E+00  0.51664E+01  0.23585E+01  0.12148E+01  0.51505E+00
  0.74602E+00  0.51591E+01  0.23530E+01  0.12125E+01  0.51529E+00
  0.74535E+00  0.51517E+01  0.23475E+01  0.12102E+01  0.51553E+00
  0.74468E+00  0.51444E+01  0.23420E+01  0.12079E+01  0.51578E+00
  0.74401E+00  0.51370E+01  0.23364E+01  0.12057E+01  0.51603E+00
  0.74334E+00  0.51297E+01  0.23309E+01  0.12034E+01  0.51628E+00
  0.74267E+00  0.51223E+01  0.23254E+01  0.12011E+01  0.51654E+00
  0.74200E+00  0.51150E+01  0.23199E+01  0.11989E+01  0.51679E+00
  0.74132E+00  0.51076E+01  0.23143E+01  0.11966E+01  0.51705E+00
  0.74065E+00  0.51002E+01  0.23088E+01  0.11944E+01  0.51732E+00
  0.73998E+00  0.50929E+01  0.23033E+01  0.11922E+01  0.51758E+00
  0.73930E+00  0.50855E+01  0.22978E+01  0.11899E+01  0.51785E+00
  0.73862E+00  0.50781E+01  0.22923E+01  0.11877E+01  0.51813E+00
  0.73795E+00  0.50707E+01  0.22868E+01  0.11855E+01  0.51840E+00
  0.73727E+00  0.50634E+01  0.22813E+01  0.11833E+01  0.51868E+00
  0.73659E+00  0.50559E+01  0.22758E+01  0.11811E+01  0.51896E+00
  0.73591E+00  0.50485E+01  0.22703E+01  0.11788E+01  0.51925E+00
  0.73523E+00  0.50411E+01  0.22648E+01  0.11767E+01  0.51954E+00
  0.73454E+00  0.50337E+01  0.22593E+01  0.11745E+01  0.51984E+00
  0.73385E+00  0.50262E+01  0.22538E+01  0.11723E+01  0.52015E+00
  0.73316E+00  0.50187E+01  0.22483E+01  0.11701E+01  0.52046E+00
  0.73246E+00  0.50111E+01  0.22427E+01  0.11680E+01  0.52078E+00
  0.73179E+00  0.50038E+01  0.22373E+01  0.11658E+01  0.52107E+00
  0.73112E+00  0.49966E+01  0.22318E+01  0.11635E+01  0.52134E+00
  0.73046E+00  0.49894E+01  0.22264E+01  0.11613E+01  0.52161E+00
  0.72980E+00  0.49822E+01  0.22210E+01  0.11591E+01  0.52189E+00
  0.72914E+00  0.49750E+01  0.22156E+01  0.11569E+01  0.52217E+00
  0.72847E+00  0.49678E+01  0.22101E+01  0.11547E+01  0.52244E+00
  0.72781E+00  0.49606E+01  0.22047E+01  0.11525E+01  0.52273E+00
  0.72714E+00  0.49535E+01  0.21993E+01  0.11503E+01  0.52301E+00
  0.72648E+00  0.49463E+01  0.21939E+01  0.11481E+01  0.52329E+00
  0.72581E+00  0.49391E+01  0.21885E+01  0.11459E+01  0.52358E+00
  0.72515E+00  0.49319E+01  0.21831E+01  0.11437E+01  0.52387E+00
  0.72448E+00  0.49248E+01  0.21777E+01  0.11415E+01  0.52416E+00
  0.72382E+00  0.49176E+01  0.21723E+01  0.11393E+01  0.52446E+00
  0.72315E+00  0.49104E+01  0.21669E+01  0.11371E+01  0.52475E+00
  0.72249E+00  0.49032E+01  0.21615E+01  0.11349E+01  0.52505E+00
  0.72182E+00  0.48961E+01  0.21562E+01  0.11327E+01  0.52535E+00
  0.72115E+00  0.48889E+01  0.21508E+01  0.11306E+01  0.52565E+00
  0.72048E+00  0.48817E+01  0.21454E+01  0.11284E+01  0.52596E+00
  0.71982E+00  0.48746E+01  0.21400E+01  0.11262E+01  0.52627E+00
  0.71915E+00  0.48674E+01  0.21347E+01  0.11241E+01  0.52658E+00
  0.71848E+00  0.48602E+01  0.21293E+01  0.11219E+01  0.52689E+00
  0.71781E+00  0.48531E+01  0.21239E+01  0.11197E+01  0.52720E+00
  0.71714E+00  0.48459E+01  0.21186E+01  0.11176E+01  0.52752E+00
  0.71648E+00  0.48387E+01  0.21132E+01  0.11154E+01  0.52783E+00
  0.71581E+00  0.48316E+01  0.21079E+01  0.11133E+01  0.52816E+00
  0.71514E+00  0.48244E+01  0.21025E+01  0.11111E+01  0.52848E+00
  0.71447E+00  0.48173E+01  0.20972E+01  0.11090E+01  0.52880E+00
  0.71380E+00  0.48101E+01  0.20919E+01  0.11069E+01  0.52913E+00
  0.71313E+00  0.48029E+01  0.20865E+01  0.11047E+01  0.52946E+00
  0.71246E+00  0.47958E+01  0.20812E+01  0.11026E+01  0.52979E+00
  0.71178E+00  0.47886E+01  0.20759E+01  0.11005E+01  0.53013E+00
  0.71111E+00  0.47815E+01  0.20705E+01  0.10984E+01  0.53046E+00
  0.71044E+00  0.47743E+01  0.20652E+01  0.10962E+01  0.53080E+00
  0.70977E+00  0.47672E+01  0.20599E+01  0.10941E+01  0.53114E+00
  0.70909E+00  0.47600E+01  0.20546E+01  0.10920E+01  0.53149E+00
  0.70842E+00  0.47529E+01  0.20493E+01  0.10899E+01  0.53184E+00
  0.70775E+00  0.47457E+01  0.20440E+01  0.10878E+01  0.53218E+00
  0.70707E+00  0.47386E+01  0.20387E+01  0.10857E+01  0.53254E+00
  0.70640E+00  0.47314E+01  0.20334E+01  0.10836E+01  0.53289E+00
  0.70572E+00  0.47243E+01  0.20281E+01  0.10815E+01  0.53325E+00
  0.70505E+00  0.47171E+01  0.20228E+01  0.10794E+01  0.53360E+00
  0.70437E+00  0.47099E+01  0.20175E+01  0.10773E+01  0.53397E+00
  0.70370E+00  0.47028E+01  0.20122E+01  0.10752E+01  0.53433E+00
  0.70302E+00  0.46956E+01  0.20070E+01  0.10731E+01  0.53470E+00
  0.70234E+00  0.46885E+01  0.20017E+01  0.10710E+01  0.53507E+00
  0.70166E+00  0.46813E+01  0.19964E+01  0.10690E+01  0.53544E+00
  0.70099E+00  0.46742E+01  0.19911E+01  0.10669E+01  0.53581E+00
  0.70031E+00  0.46670E+01  0.19859E+01  0.10648E+01  0.53619E+00
  0.69963E+00  0.46599E+01  0.19806E+01  0.10627E+01  0.53657E+00
  0.69895E+00  0.46527E+01  0.19754E+01  0.10607E+01  0.53695E+00
  0.69827E+00  0.46456E+01  0.19701E+01  0.10586E+01  0.53734E+00
  0.69759E+00  0.46384E+01  0.19649E+01  0.10566E+01  0.53773E+00
  0.69691E+00  0.46313E+01  0.19596E+01  0.10545E+01  0.53812E+00
  0.69622E+00  0.46241E+01  0.19544E+01  0.10525E+01  0.53851E+00
  0.69554E+00  0.46169E+01  0.19491E+01  0.10504E+01  0.53891E+00
  0.69486E+00  0.46098E+01  0.19439E+01  0.10484E+01  0.53931E+00
  0.69417E+00  0.46026E+01  0.19387E+01  0.10463E+01  0.53971E+00
  0.69349E+00  0.45954E+01  0.19334E+01  0.10443E+01  0.54012E+00
  0.69280E+00  0.45883E+01  0.19282E+01  0.10423E+01  0.54053E+00
  0.69211E+00  0.45811E+01  0.19230E+01  0.10402E+01  0.54094E+00
  0.69143E+00  0.45739E+01  0.19178E+01  0.10382E+01  0.54136E+00
  0.69074E+00  0.45667E+01  0.19126E+01  0.10362E+01  0.54178E+00
  0.69005E+00  0.45595E+01  0.19074E+01  0.10342E+01  0.54220E+00
  0.68936E+00  0.45523E+01  0.19021E+01  0.10322E+01  0.54263E+00
  0.68867E+00  0.45451E+01  0.18969E+01  0.10301E+01  0.54306E+00
  0.68797E+00  0.45379E+01  0.18917E+01  0.10281E+01  0.54350E+00
  0.68728E+00  0.45307E+01  0.18865E+01  0.10262E+01  0.54394E+00
  0.68658E+00  0.45235E+01  0.18813E+01  0.10242E+01  0.54438E+00
  0.68588E+00  0.45162E+01  0.18761E+01  0.10222E+01  0.54483E+00
  0.68518E+00  0.45090E+01  0.18709E+01  0.10202E+01  0.54529E+00
  0.68448E+00  0.45017E+01  0.18657E+01  0.10182E+01  0.54575E+00
  0.68378E+00  0.44944E+01  0.18605E+01  0.10163E+01  0.54622E+00
  0.68307E+00  0.44871E+01  0.18553E+01  0.10143E+01  0.54669E+00
  0.68236E+00  0.44797E+01  0.18501E+01  0.10124E+01  0.54718E+00
  0.68165E+00  0.44724E+01  0.18450E+01  0.10104E+01  0.54765E+00
  0.68094E+00  0.44651E+01  0.18398E+01  0.10085E+01  0.54814E+00
  0.68027E+00  0.44582E+01  0.18347E+01  0.10064E+01  0.54856E+00
  0.67960E+00  0.44512E+01  0.18296E+01  0.10044E+01  0.54897E+00
  0.67893E+00  0.44443E+01  0.18245E+01  0.10024E+01  0.54939E+00
  0.67825E+00  0.44374E+01  0.18194E+01  0.10003E+01  0.54982E+00
  0.67758E+00  0.44304E+01  0.18143E+01  0.99832E+00  0.55024E+00
  0.67690E+00  0.44235E+01  0.18093E+01  0.99631E+00  0.55067E+00
  0.67623E+00  0.44166E+01  0.18042E+01  0.99429E+00  0.55110E+00
  0.67556E+00  0.44097E+01  0.17991E+01  0.99228E+00  0.55153E+00
  0.67488E+00  0.44027E+01  0.17941E+01  0.99027E+00  0.55196E+00
  0.67420E+00  0.43958E+01  0.17890E+01  0.98826E+00  0.55240E+00
  0.67353E+00  0.43889E+01  0.17840E+01  0.98626E+00  0.55284E+00
  0.67285E+00  0.43820E+01  0.17789E+01  0.98425E+00  0.55328E+00
  0.67217E+00  0.43751E+01  0.17739E+01  0.98225E+00  0.55373E+00
  0.67149E+00  0.43681E+01  0.17689E+01  0.98026E+00  0.55418E+00
  0.67082E+00  0.43612E+01  0.17638E+01  0.97826E+00  0.55463E+00
  0.67014E+00  0.43543E+01  0.17588E+01  0.97627E+00  0.55508E+00
  0.66946E+00  0.43473E+01  0.17538E+01  0.97429E+00  0.55554E+00
  0.66877E+00  0.43404E+01  0.17487E+01  0.97230E+00  0.55600E+00
  0.66809E+00  0.43335E+01  0.17437E+01  0.97032E+00  0.55646E+00
  0.66741E+00  0.43265E+01  0.17387E+01  0.96835E+00  0.55693E+00
  0.66673E+00  0.43196E+01  0.17337E+01  0.96637E+00  0.55740E+00
  0.66604E+00  0.43126E+01  0.17287E+01  0.96440E+00  0.55788E+00
  0.66535E+00  0.43057E+01  0.17237E+01  0.96244E+00  0.55836E+00
  0.66466E+00  0.42987E+01  0.17187E+01  0.96048E+00  0.55884E+00
  0.66397E+00  0.42917E+01  0.17137E+01  0.95852E+00  0.55933E+00
  0.66328E+00  0.42847E+01  0.17087E+01  0.95658E+00  0.55983E+00
  0.66258E+00  0.42777E+01  0.17037E+01  0.95464E+00  0.56034E+00
  0.66188E+00  0.42706E+01  0.16987E+01  0.95271E+00  0.56085E+00
  0.66120E+00  0.42637E+01  0.16937E+01  0.95075E+00  0.56134E+00
  0.66053E+00  0.42570E+01  0.16888E+01  0.94876E+00  0.56180E+00
  0.65986E+00  0.42502E+01  0.16839E+01  0.94677E+00  0.56226E+00
  0.65919E+00  0.42435E+01  0.16790E+01  0.94478E+00  0.56272E+00
  0.65852E+00  0.42368E+01  0.16741E+01  0.94279E+00  0.56318E+00
  0.65785E+00  0.42300E+01  0.16691E+01  0.94080E+00  0.56364E+00
  0.65718E+00  0.42233E+01  0.16643E+01  0.93881E+00  0.56411E+00
  0.65651E+00  0.42166E+01  0.16594E+01  0.93683E+00  0.56457E+00
  0.65584E+00  0.42099E+01  0.16545E+01  0.93485E+00  0.56504E+00
  0.65516E+00  0.42031E+01  0.16496E+01  0.93287E+00  0.56552E+00
  0.65449E+00  0.41964E+01  0.16447E+01  0.93089E+00  0.56599E+00
  0.65382E+00  0.41897E+01  0.16398E+01  0.92891E+00  0.56647E+00
  0.65315E+00  0.41830E+01  0.16350E+01  0.92694E+00  0.56694E+00
  0.65247E+00  0.41763E+01  0.16301E+01  0.92497E+00  0.56742E+00
  0.65180E+00  0.41696E+01  0.16253E+01  0.92299E+00  0.56791E+00
  0.65113E+00  0.41629E+01  0.16204E+01  0.92102E+00  0.56839E+00
  0.65045E+00  0.41562E+01  0.16156E+01  0.91906E+00  0.56888E+00
  0.64978E+00  0.41495E+01  0.16107E+01  0.91709E+00  0.56937E+00
  0.64911E+00  0.41428E+01  0.16059E+01  0.91513E+00  0.56986E+00
  0.64843E+00  0.41361E+01  0.16011E+01  0.91316E+00  0.57035E+00
  0.64776E+00  0.41294E+01  0.15962E+01  0.91120E+00  0.57084E+00
  0.64708E+00  0.41228E+01  0.15914E+01  0.90924E+00  0.57134E+00
  0.64641E+00  0.41161E+01  0.15866E+01  0.90728E+00  0.57184E+00
  0.64573E+00  0.41094E+01  0.15818E+01  0.90533E+00  0.57234E+00
  0.64505E+00  0.41027E+01  0.15770E+01  0.90337E+00  0.57284E+00
  0.64438E+00  0.40961E+01  0.15722E+01  0.90142E+00  0.57335E+00
  0.64370E+00  0.40894E+01  0.15674E+01  0.89947E+00  0.57386E+00
  0.64302E+00  0.40827E+01  0.15626E+01  0.89752E+00  0.57437E+00
  0.64234E+00  0.40761E+01  0.15578E+01  0.89557E+00  0.57488E+00
  0.64167E+00  0.40694E+01  0.15531E+01  0.89362E+00  0.57539E+00
  0.64099E+00  0.40627E+01  0.15483E+01  0.89168E+00  0.57591E+00
  0.64031E+00  0.40561E+01  0.15435E+01  0.88974E+00  0.57643E+00
  0.63963E+00  0.40494E+01  0.15388E+01  0.88779E+00  0.57695E+00
  0.63895E+00  0.40428E+01  0.15340E+01  0.88585E+00  0.57747E+00
  0.63827E+00  0.40361E+01  0.15293E+01  0.88392E+00  0.57800E+00
  0.63759E+00  0.40295E+01  0.15245E+01  0.88198E+00  0.57852E+00
  0.63691E+00  0.40228E+01  0.15198E+01  0.88004E+00  0.57905E+00
  0.63623E+00  0.40162E+01  0.15151E+01  0.87811E+00  0.57958E+00
  0.63555E+00  0.40096E+01  0.15103E+01  0.87618E+00  0.58012E+00
  0.63486E+00  0.40029E+01  0.15056E+01  0.87425E+00  0.58065E+00
  0.63418E+00  0.39963E+01  0.15009E+01  0.87232E+00  0.58119E+00
  0.63350E+00  0.39897E+01  0.14962E+01  0.87039E+00  0.58173E+00
  0.63282E+00  0.39830E+01  0.14915E+01  0.86846E+00  0.58227E+00
  0.63213E+00  0.39764E+01  0.14868E+01  0.86654E+00  0.58282E+00
  0.63145E+00  0.39698E+01  0.14821E+01  0.86461E+00  0.58337E+00
  0.63076E+00  0.39632E+01  0.14774E+01  0.86269E+00  0.58391E+00
  0.63008E+00  0.39566E+01  0.14728E+01  0.86077E+00  0.58447E+00
  0.62939E+00  0.39499E+01  0.14681E+01  0.85885E+00  0.58502E+00
  0.62871E+00  0.39433E+01  0.14634E+01  0.85694E+00  0.58558E+00
  0.62802E+00  0.39367E+01  0.14587E+01  0.85502E+00  0.58613E+00
  0.62734E+00  0.39301E+01  0.14541E+01  0.85311E+00  0.58669E+00
  0.62665E+00  0.39235E+01  0.14494E+01  0.85119E+00  0.58726E+00
  0.62596E+00  0.39169E+01  0.14448E+01  0.84928E+00  0.58782E+00
  0.62527E+00  0.39103E+01  0.14402E+01  0.84737E+00  0.58839E+00
  0.62458E+00  0.39037E+01  0.14355E+01  0.84546E+00  0.58896E+00
  0.62390E+00  0.38971E+01  0.14309E+01  0.84356E+00  0.58953E+00
  0.62321E+00  0.38905E+01  0.14263E+01  0.84165E+00  0.59011E+00
  0.62252E+00  0.38839E+01  0.14217E+01  0.83975E+00  0.59069E+00
  0.62183E+00  0.38773E+01  0.14170E+01  0.83785E+00  0.59126E+00
  0.62114E+00  0.38707E+01  0.14124E+01  0.83594E+00  0.59185E+00
  0.62044E+00  0.38642E+01  0.14078E+01  0.83405E+00  0.59243E+00
  0.61975E+00  0.38576E+01  0.14032E+01  0.83215E+00  0.59302E+00
  0.61906E+00  0.38510E+01  0.13987E+01  0.83025E+00  0.59361E+00
  0.61837E+00  0.38444E+01  0.13941E+01  0.82836E+00  0.59420E+00
  0.61767E+00  0.38378E+01  0.13895E+01  0.82646E+00  0.59479E+00
  0.61698E+00  0.38312E+01  0.13849E+01  0.82457E+00  0.59539E+00
  0.61628E+00  0.38247E+01  0.13804E+01  0.82268E+00  0.59599E+00
  0.61559E+00  0.38181E+01  0.13758E+01  0.82079E+00  0.59659E+00
  0.61489E+00  0.38115E+01  0.13712E+01  0.81890E+00  0.59720E+00
  0.61420E+00  0.38049E+01  0.13667E+01  0.81702E+00  0.59780E+00
  0.61350E+00  0.37984E+01  0.13622E+01  0.81513E+00  0.59841E+00
  0.61280E+00  0.37918E+01  0.13576E+01  0.81325E+00  0.59903E+00
  0.61210E+00  0.37852E+01  0.13531E+01  0.81137E+00  0.59964E+00
  0.61140E+00  0.37786E+01  0.13486E+01  0.80949E+00  0.60026E+00
  0.61070E+00  0.37721E+01  0.13440E+01  0.80761E+00  0.60088E+00
  0.61000E+00  0.37655E+01  0.13395E+01  0.80573E+00  0.60150E+00
  0.60930E+00  0.37589E+01  0.13350E+01  0.80386E+00  0.60213E+00
  0.60860E+00  0.37524E+01  0.13305E+01  0.80199E+00  0.60276E+00
  0.60790E+00  0.37458E+01  0.13260E+01  0.80011E+00  0.60339E+00
  0.60719E+00  0.37392E+01  0.13215E+01  0.79824E+00  0.60403E+00
  0.60649E+00  0.37327E+01  0.13171E+01  0.79638E+00  0.60467E+00
  0.60578E+00  0.37261E+01  0.13126E+01  0.79451E+00  0.60531E+00
  0.60508E+00  0.37195E+01  0.13081E+01  0.79265E+00  0.60595E+00
  0.60437E+00  0.37129E+01  0.13036E+01  0.79078E+00  0.60660E+00
  0.60366E+00  0.37064E+01  0.12992E+01  0.78892E+00  0.60725E+00
  0.60295E+00  0.36998E+01  0.12947E+01  0.78706E+00  0.60791E+00
  0.60224E+00  0.36932E+01  0.12903E+01  0.78521E+00  0.60856E+00
  0.60153E+00  0.36866E+01  0.12858E+01  0.78335E+00  0.60923E+00
  0.60082E+00  0.36800E+01  0.12814E+01  0.78150E+00  0.60989E+00
  0.60011E+00  0.36734E+01  0.12769E+01  0.77965E+00  0.61056E+00
  0.59939E+00  0.36668E+01  0.12725E+01  0.77780E+00  0.61124E+00
  0.59867E+00  0.36602E+01  0.12681E+01  0.77596E+00  0.61192E+00
  0.59796E+00  0.36536E+01  0.12637E+01  0.77412E+00  0.61260E+00
  0.59724E+00  0.36470E+01  0.12592E+01  0.77228E+00  0.61329E+00
  0.59651E+00  0.36404E+01  0.12548E+01  0.77044E+00  0.61399E+00
  0.59579E+00  0.36337E+01  0.12504E+01  0.76861E+00  0.61469E+00
  0.59506E+00  0.36271E+01  0.12460E+01  0.76679E+00  0.61540E+00
  0.59433E+00  0.36204E+01  0.12416E+01  0.76497E+00  0.61611E+00
  0.59360E+00  0.36137E+01  0.12372E+01  0.76315E+00  0.61684E+00
  0.59286E+00  0.36070E+01  0.12328E+01  0.76135E+00  0.61758E+00
  0.59212E+00  0.36002E+01  0.12284E+01  0.75955E+00  0.61833E+00
  0.59136E+00  0.35933E+01  0.12240E+01  0.75778E+00  0.61911E+00
  0.59065E+00  0.35868E+01  0.12196E+01  0.75593E+00  0.61980E+00
  0.58994E+00  0.35804E+01  0.12153E+01  0.75406E+00  0.62046E+00
  0.58924E+00  0.35740E+01  0.12110E+01  0.75219E+00  0.62113E+00
  0.58853E+00  0.35676E+01  0.12067E+01  0.75033E+00  0.62180E+00
  0.58783E+00  0.35612E+01  0.12024E+01  0.74847E+00  0.62247E+00
  0.58712E+00  0.35548E+01  0.11981E+01  0.74661E+00  0.62315E+00
  0.58641E+00  0.35484E+01  0.11938E+01  0.74475E+00  0.62383E+00
  0.58570E+00  0.35420E+01  0.11896E+01  0.74289E+00  0.62451E+00
  0.58499E+00  0.35356E+01  0.11853E+01  0.74104E+00  0.62520E+00
  0.58428E+00  0.35292E+01  0.11810E+01  0.73918E+00  0.62589E+00
  0.58357E+00  0.35228E+01  0.11768E+01  0.73733E+00  0.62658E+00
  0.58286E+00  0.35164E+01  0.11725E+01  0.73548E+00  0.62727E+00
  0.58214E+00  0.35100E+01  0.11683E+01  0.73363E+00  0.62797E+00
  0.58143E+00  0.35036E+01  0.11640E+01  0.73179E+00  0.62868E+00
  0.58071E+00  0.34972E+01  0.11598E+01  0.72994E+00  0.62938E+00
  0.57999E+00  0.34907E+01  0.11555E+01  0.72810E+00  0.63010E+00
  0.57927E+00  0.34843E+01  0.11513E+01  0.72626E+00  0.63081E+00
  0.57855E+00  0.34779E+01  0.11471E+01  0.72442E+00  0.63153E+00
  0.57783E+00  0.34714E+01  0.11429E+01  0.72259E+00  0.63226E+00
  0.57710E+00  0.34650E+01  0.11387E+01  0.72075E+00  0.63299E+00
  0.57638E+00  0.34585E+01  0.11344E+01  0.71892E+00  0.63372E+00
  0.57565E+00  0.34521E+01  0.11302E+01  0.71710E+00  0.63446E+00
  0.57492E+00  0.34456E+01  0.11260E+01  0.71528E+00  0.63521E+00
  0.57418E+00  0.34391E+01  0.11218E+01  0.71346E+00  0.63597E+00
  0.57344E+00  0.34325E+01  0.11176E+01  0.71165E+00  0.63674E+00
  0.57270E+00  0.34260E+01  0.11135E+01  0.70984E+00  0.63751E+00
  0.57197E+00  0.34195E+01  0.11093E+01  0.70802E+00  0.63827E+00
  0.57123E+00  0.34130E+01  0.11051E+01  0.70621E+00  0.63903E+00
  0.57054E+00  0.34069E+01  0.11010E+01  0.70433E+00  0.63970E+00
  0.56984E+00  0.34008E+01  0.10969E+01  0.70245E+00  0.64038E+00
  0.56914E+00  0.33947E+01  0.10928E+01  0.70057E+00  0.64105E+00
  0.56845E+00  0.33886E+01  0.10888E+01  0.69869E+00  0.64173E+00
  0.56775E+00  0.33824E+01  0.10847E+01  0.69682E+00  0.64241E+00
  0.56705E+00  0.33763E+01  0.10806E+01  0.69494E+00  0.64309E+00
  0.56635E+00  0.33702E+01  0.10766E+01  0.69307E+00  0.64377E+00
  0.56565E+00  0.33641E+01  0.10725E+01  0.69119E+00  0.64446E+00
  0.56495E+00  0.33580E+01  0.10685E+01  0.68932E+00  0.64515E+00
  0.56425E+00  0.33519E+01  0.10644E+01  0.68745E+00  0.64583E+00
  0.56355E+00  0.33458E+01  0.10604E+01  0.68558E+00  0.64652E+00
  0.56284E+00  0.33397E+01  0.10564E+01  0.68371E+00  0.64722E+00
  0.56214E+00  0.33336E+01  0.10524E+01  0.68184E+00  0.64791E+00
  0.56144E+00  0.33275E+01  0.10483E+01  0.67997E+00  0.64861E+00
  0.56074E+00  0.33214E+01  0.10443E+01  0.67810E+00  0.64931E+00
  0.56003E+00  0.33153E+01  0.10403E+01  0.67623E+00  0.65001E+00
  0.55933E+00  0.33092E+01  0.10364E+01  0.67436E+00  0.65071E+00
  0.55862E+00  0.33032E+01  0.10324E+01  0.67250E+00  0.65141E+00
  0.55791E+00  0.32971E+01  0.10284E+01  0.67063E+00  0.65212E+00
  0.55721E+00  0.32910E+01  0.10244E+01  0.66877E+00  0.65283E+00
  0.55650E+00  0.32849E+01  0.10205E+01  0.66690E+00  0.65354E+00
  0.55579E+00  0.32789E+01  0.10165E+01  0.66504E+00  0.65425E+00
  0.55508E+00  0.32728E+01  0.10125E+01  0.66318E+00  0.65496E+00
  0.55437E+00  0.32667E+01  0.10086E+01  0.66132E+00  0.65568E+00
  0.55366E+00  0.32606E+01  0.10047E+01  0.65945E+00  0.65640E+00
  0.55295E+00  0.32546E+01  0.10007E+01  0.65759E+00  0.65712E+00
  0.55224E+00  0.32485E+01  0.99680E+00  0.65573E+00  0.65784E+00
  0.55153E+00  0.32425E+01  0.99288E+00  0.65388E+00  0.65857E+00
  0.55082E+00  0.32364E+01  0.98897E+00  0.65202E+00  0.65929E+00
  0.55011E+00  0.32303E+01  0.98506E+00  0.65016E+00  0.66002E+00
  0.54939E+00  0.32243E+01  0.98116E+00  0.64831E+00  0.66075E+00
  0.54868E+00  0.32182E+01  0.97727E+00  0.64645E+00  0.66149E+00
  0.54796E+00  0.32122E+01  0.97338E+00  0.64459E+00  0.66222E+00
  0.54725E+00  0.32061E+01  0.96950E+00  0.64274E+00  0.66296E+00
  0.54653E+00  0.32001E+01  0.96563E+00  0.64089E+00  0.66370E+00
  0.54581E+00  0.31940E+01  0.96177E+00  0.63904E+00  0.66444E+00
  0.54509E+00  0.31880E+01  0.95791E+00  0.63718E+00  0.66518E+00
  0.54437E+00  0.31819E+01  0.95406E+00  0.63533E+00  0.66593E+00
  0.54365E+00  0.31759E+01  0.95021E+00  0.63349E+00  0.66668E+00
  0.54293E+00  0.31699E+01  0.94637E+00  0.63164E+00  0.66743E+00
  0.54221E+00  0.31638E+01  0.94254E+00  0.62979E+00  0.66818E+00
  0.54149E+00  0.31578E+01  0.93871E+00  0.62794E+00  0.66894E+00
  0.54077E+00  0.31517E+01  0.93489E+00  0.62610E+00  0.66970E+00
  0.54004E+00  0.31457E+01  0.93108E+00  0.62425E+00  0.67046E+00
  0.53932E+00  0.31396E+01  0.92727E+00  0.62241E+00  0.67122E+00
  0.53859E+00  0.31336E+01  0.92347E+00  0.62057E+00  0.67199E+00
  0.53786E+00  0.31276E+01  0.91968E+00  0.61872E+00  0.67276E+00
  0.53713E+00  0.31215E+01  0.91589E+00  0.61688E+00  0.67353E+00
  0.53641E+00  0.31155E+01  0.91211E+00  0.61504E+00  0.67431E+00
  0.53567E+00  0.31094E+01  0.90834E+00  0.61321E+00  0.67508E+00
  0.53494E+00  0.31034E+01  0.90457E+00  0.61137E+00  0.67586E+00
  0.53421E+00  0.30973E+01  0.90081E+00  0.60953E+00  0.67665E+00
  0.53348E+00  0.30913E+01  0.89706E+00  0.60770E+00  0.67744E+00
  0.53274E+00  0.30852E+01  0.89331E+00  0.60587E+00  0.67823E+00
  0.53200E+00  0.30792E+01  0.88957E+00  0.60404E+00  0.67902E+00
  0.53127E+00  0.30731E+01  0.88583E+00  0.60221E+00  0.67982E+00
  0.53053E+00  0.30670E+01  0.88210E+00  0.60038E+00  0.68062E+00
  0.52978E+00  0.30610E+01  0.87838E+00  0.59855E+00  0.68143E+00
  0.52904E+00  0.30549E+01  0.87466E+00  0.59673E+00  0.68225E+00
  0.52829E+00  0.30488E+01  0.87094E+00  0.59491E+00  0.68307E+00
  0.52754E+00  0.30427E+01  0.86723E+00  0.59309E+00  0.68389E+00
  0.52679E+00  0.30365E+01  0.86353E+00  0.59128E+00  0.68473E+00
  0.52604E+00  0.30304E+01  0.85983E+00  0.58947E+00  0.68557E+00
  0.52527E+00  0.30242E+01  0.85613E+00  0.58767E+00  0.68643E+00
  0.52450E+00  0.30179E+01  0.85242E+00  0.58588E+00  0.68731E+00
  0.52377E+00  0.30120E+01  0.84877E+00  0.58404E+00  0.68810E+00
  0.52304E+00  0.30061E+01  0.84514E+00  0.58219E+00  0.68887E+00
  0.52232E+00  0.30002E+01  0.84152E+00  0.58034E+00  0.68964E+00
  0.52159E+00  0.29944E+01  0.83790E+00  0.57850E+00  0.69041E+00
  0.52086E+00  0.29885E+01  0.83429E+00  0.57665E+00  0.69118E+00
  0.52014E+00  0.29827E+01  0.83069E+00  0.57480E+00  0.69196E+00
  0.51941E+00  0.29768E+01  0.82709E+00  0.57296E+00  0.69273E+00
  0.51868E+00  0.29710E+01  0.82351E+00  0.57111E+00  0.69351E+00
  0.51795E+00  0.29651E+01  0.81992E+00  0.56927E+00  0.69429E+00
  0.51722E+00  0.29593E+01  0.81635E+00  0.56742E+00  0.69507E+00
  0.51649E+00  0.29534E+01  0.81278E+00  0.56558E+00  0.69586E+00
  0.51575E+00  0.29476E+01  0.80922E+00  0.56374E+00  0.69664E+00
  0.51502E+00  0.29417E+01  0.80567E+00  0.56190E+00  0.69743E+00
  0.51429E+00  0.29359E+01  0.80212E+00  0.56006E+00  0.69822E+00
  0.51355E+00  0.29300E+01  0.79858E+00  0.55822E+00  0.69901E+00
  0.51281E+00  0.29242E+01  0.79504E+00  0.55638E+00  0.69981E+00
  0.51208E+00  0.29183E+01  0.79152E+00  0.55454E+00  0.70060E+00
  0.51134E+00  0.29125E+01  0.78800E+00  0.55270E+00  0.70140E+00
  0.51060E+00  0.29066E+01  0.78448E+00  0.55086E+00  0.70220E+00
  0.50986E+00  0.29008E+01  0.78098E+00  0.54903E+00  0.70300E+00
  0.50912E+00  0.28950E+01  0.77748E+00  0.54719E+00  0.70381E+00
  0.50838E+00  0.28891E+01  0.77399E+00  0.54536E+00  0.70461E+00
  0.50764E+00  0.28833E+01  0.77050E+00  0.54353E+00  0.70542E+00
  0.50689E+00  0.28774E+01  0.76702E+00  0.54170E+00  0.70623E+00
  0.50615E+00  0.28716E+01  0.76355E+00  0.53986E+00  0.70704E+00
  0.50540E+00  0.28658E+01  0.76009E+00  0.53803E+00  0.70786E+00
  0.50466E+00  0.28599E+01  0.75663E+00  0.53621E+00  0.70868E+00
  0.50391E+00  0.28541E+01  0.75318E+00  0.53438E+00  0.70950E+00
  0.50316E+00  0.28482E+01  0.74973E+00  0.53255E+00  0.71032E+00
  0.50241E+00  0.28424E+01  0.74630E+00  0.53072E+00  0.71114E+00
  0.50166E+00  0.28366E+01  0.74287E+00  0.52890E+00  0.71197E+00
  0.50091E+00  0.28307E+01  0.73944E+00  0.52707E+00  0.71280E+00
  0.50016E+00  0.28249E+01  0.73603E+00  0.52525E+00  0.71363E+00
  0.49940E+00  0.28190E+01  0.73262E+00  0.52343E+00  0.71446E+00
  0.49865E+00  0.28132E+01  0.72921E+00  0.52161E+00  0.71530E+00
  0.49789E+00  0.28073E+01  0.72582E+00  0.51979E+00  0.71614E+00
  0.49713E+00  0.28015E+01  0.72243E+00  0.51797E+00  0.71698E+00
  0.49637E+00  0.27957E+01  0.71905E+00  0.51615E+00  0.71782E+00
  0.49561E+00  0.27898E+01  0.71567E+00  0.51433E+00  0.71867E+00
  0.49485E+00  0.27839E+01  0.71230E+00  0.51252E+00  0.71952E+00
  0.49409E+00  0.27781E+01  0.70894E+00  0.51070E+00  0.72037E+00
  0.49332E+00  0.27722E+01  0.70559E+00  0.50889E+00  0.72123E+00
  0.49256E+00  0.27664E+01  0.70224E+00  0.50708E+00  0.72209E+00
  0.49179E+00  0.27605E+01  0.69889E+00  0.50527E+00  0.72295E+00
  0.49102E+00  0.27546E+01  0.69556E+00  0.50346E+00  0.72381E+00
  0.49025E+00  0.27488E+01  0.69223E+00  0.50165E+00  0.72468E+00
  0.48948E+00  0.27429E+01  0.68891E+00  0.49984E+00  0.72555E+00
  0.48871E+00  0.27370E+01  0.68559E+00  0.49804E+00  0.72643E+00
  0.48793E+00  0.27311E+01  0.68229E+00  0.49623E+00  0.72731E+00
  0.48715E+00  0.27252E+01  0.67898E+00  0.49443E+00  0.72819E+00
  0.48637E+00  0.27194E+01  0.67569E+00  0.49263E+00  0.72908E+00
  0.48559E+00  0.27135E+01  0.67240E+00  0.49083E+00  0.72997E+00
  0.48481E+00  0.27075E+01  0.66912E+00  0.48903E+00  0.73086E+00
  0.48402E+00  0.27016E+01  0.66584E+00  0.48724E+00  0.73176E+00
  0.48324E+00  0.26957E+01  0.66257E+00  0.48544E+00  0.73266E+00
  0.48245E+00  0.26898E+01  0.65931E+00  0.48365E+00  0.73357E+00
  0.48165E+00  0.26838E+01  0.65605E+00  0.48186E+00  0.73449E+00
  0.48086E+00  0.26779E+01  0.65280E+00  0.48008E+00  0.73541E+00
  0.48006E+00  0.26719E+01  0.64956E+00  0.47829E+00  0.73633E+00
  0.47926E+00  0.26659E+01  0.64632E+00  0.47651E+00  0.73727E+00
  0.47846E+00  0.26599E+01  0.64308E+00  0.47473E+00  0.73821E+00
  0.47765E+00  0.26539E+01  0.63986E+00  0.47295E+00  0.73916E+00
  0.47684E+00  0.26479E+01  0.63663E+00  0.47118E+00  0.74011E+00
  0.47602E+00  0.26418E+01  0.63341E+00  0.46941E+00  0.74108E+00
  0.47520E+00  0.26357E+01  0.63020E+00  0.46765E+00  0.74206E+00
  0.47437E+00  0.26296E+01  0.62699E+00  0.46589E+00  0.74305E+00
  0.47354E+00  0.26234E+01  0.62378E+00  0.46413E+00  0.74406E+00
  0.47269E+00  0.26172E+01  0.62058E+00  0.46238E+00  0.74509E+00
  0.47184E+00  0.26109E+01  0.61737E+00  0.46065E+00  0.74614E+00
  0.47097E+00  0.26045E+01  0.61416E+00  0.45892E+00  0.74724E+00
  0.47011E+00  0.25982E+01  0.61097E+00  0.45719E+00  0.74830E+00
  0.46929E+00  0.25922E+01  0.60782E+00  0.45541E+00  0.74925E+00
  0.46852E+00  0.25865E+01  0.60472E+00  0.45361E+00  0.75012E+00
  0.46774E+00  0.25808E+01  0.60162E+00  0.45181E+00  0.75099E+00
  0.46695E+00  0.25751E+01  0.59853E+00  0.45001E+00  0.75186E+00
  0.46617E+00  0.25693E+01  0.59544E+00  0.44821E+00  0.75275E+00
  0.46537E+00  0.25636E+01  0.59235E+00  0.44642E+00  0.75364E+00
  0.46458E+00  0.25577E+01  0.58927E+00  0.44463E+00  0.75455E+00
  0.46379E+00  0.25520E+01  0.58621E+00  0.44284E+00  0.75543E+00
  0.46303E+00  0.25465E+01  0.58318E+00  0.44102E+00  0.75624E+00
  0.46227E+00  0.25410E+01  0.58015E+00  0.43920E+00  0.75705E+00
  0.46151E+00  0.25355E+01  0.57713E+00  0.43739E+00  0.75787E+00
  0.46075E+00  0.25300E+01  0.57412E+00  0.43557E+00  0.75868E+00
  0.45999E+00  0.25245E+01  0.57111E+00  0.43376E+00  0.75950E+00
  0.45922E+00  0.25190E+01  0.56811E+00  0.43194E+00  0.76031E+00
  0.45846E+00  0.25135E+01  0.56512E+00  0.43013E+00  0.76113E+00
  0.45769E+00  0.25080E+01  0.56214E+00  0.42832E+00  0.76195E+00
  0.45693E+00  0.25025E+01  0.55916E+00  0.42651E+00  0.76277E+00
  0.45616E+00  0.24970E+01  0.55619E+00  0.42470E+00  0.76359E+00
  0.45539E+00  0.24915E+01  0.55323E+00  0.42290E+00  0.76442E+00
  0.45462E+00  0.24860E+01  0.55027E+00  0.42109E+00  0.76524E+00
  0.45385E+00  0.24805E+01  0.54732E+00  0.41928E+00  0.76607E+00
  0.45307E+00  0.24750E+01  0.54438E+00  0.41748E+00  0.76690E+00
  0.45230E+00  0.24695E+01  0.54144E+00  0.41568E+00  0.76773E+00
  0.45153E+00  0.24640E+01  0.53851E+00  0.41388E+00  0.76856E+00
  0.45075E+00  0.24585E+01  0.53559E+00  0.41207E+00  0.76939E+00
  0.44997E+00  0.24530E+01  0.53267E+00  0.41028E+00  0.77022E+00
  0.44920E+00  0.24475E+01  0.52976E+00  0.40848E+00  0.77105E+00
  0.44842E+00  0.24420E+01  0.52686E+00  0.40668E+00  0.77189E+00
  0.44763E+00  0.24365E+01  0.52397E+00  0.40488E+00  0.77273E+00
  0.44685E+00  0.24309E+01  0.52108E+00  0.40309E+00  0.77357E+00
  0.44607E+00  0.24254E+01  0.51820E+00  0.40130E+00  0.77441E+00
  0.44528E+00  0.24199E+01  0.51533E+00  0.39950E+00  0.77525E+00
  0.44450E+00  0.24144E+01  0.51246E+00  0.39771E+00  0.77609E+00
  0.44371E+00  0.24089E+01  0.50960E+00  0.39592E+00  0.77693E+00
  0.44292E+00  0.24034E+01  0.50675E+00  0.39414E+00  0.77778E+00
  0.44213E+00  0.23979E+01  0.50390E+00  0.39235E+00  0.77863E+00
  0.44134E+00  0.23924E+01  0.50106E+00  0.39056E+00  0.77948E+00
  0.44055E+00  0.23868E+01  0.49823E+00  0.38878E+00  0.78033E+00
  0.43976E+00  0.23813E+01  0.49540E+00  0.38700E+00  0.78118E+00
  0.43896E+00  0.23758E+01  0.49259E+00  0.38522E+00  0.78203E+00
  0.43816E+00  0.23703E+01  0.48977E+00  0.38344E+00  0.78289E+00
  0.43736E+00  0.23647E+01  0.48697E+00  0.38166E+00  0.78374E+00
  0.43657E+00  0.23592E+01  0.48417E+00  0.37988E+00  0.78460E+00
  0.43576E+00  0.23537E+01  0.48138E+00  0.37811E+00  0.78546E+00
  0.43496E+00  0.23481E+01  0.47860E+00  0.37633E+00  0.78632E+00
  0.43416E+00  0.23426E+01  0.47582E+00  0.37456E+00  0.78718E+00
  0.43335E+00  0.23371E+01  0.47305E+00  0.37279E+00  0.78805E+00
  0.43254E+00  0.23315E+01  0.47029E+00  0.37102E+00  0.78892E+00
  0.43173E+00  0.23260E+01  0.46753E+00  0.36925E+00  0.78978E+00
  0.43092E+00  0.23204E+01  0.46478E+00  0.36748E+00  0.79065E+00
  0.43011E+00  0.23149E+01  0.46204E+00  0.36572E+00  0.79153E+00
  0.42930E+00  0.23093E+01  0.45931E+00  0.36395E+00  0.79240E+00
  0.42848E+00  0.23037E+01  0.45658E+00  0.36219E+00  0.79328E+00
  0.42766E+00  0.22982E+01  0.45386E+00  0.36043E+00  0.79415E+00
  0.42684E+00  0.22926E+01  0.45114E+00  0.35867E+00  0.79503E+00
  0.42602E+00  0.22870E+01  0.44844E+00  0.35692E+00  0.79592E+00
  0.42520E+00  0.22815E+01  0.44574E+00  0.35516E+00  0.79680E+00
  0.42438E+00  0.22759E+01  0.44304E+00  0.35341E+00  0.79769E+00
  0.42355E+00  0.22703E+01  0.44036E+00  0.35166E+00  0.79857E+00
  0.42272E+00  0.22647E+01  0.43768E+00  0.34991E+00  0.79947E+00
  0.42189E+00  0.22591E+01  0.43500E+00  0.34816E+00  0.80036E+00
  0.42106E+00  0.22535E+01  0.43234E+00  0.34641E+00  0.80125E+00
  0.42022E+00  0.22479E+01  0.42968E+00  0.34467E+00  0.80215E+00
  0.41938E+00  0.22423E+01  0.42703E+00  0.34292E+00  0.80305E+00
  0.41854E+00  0.22366E+01  0.42438E+00  0.34118E+00  0.80396E+00
  0.41770E+00  0.22310E+01  0.42174E+00  0.33944E+00  0.80486E+00
  0.41686E+00  0.22254E+01  0.41911E+00  0.33771E+00  0.80577E+00
  0.41601E+00  0.22197E+01  0.41649E+00  0.33597E+00  0.80668E+00
  0.41516E+00  0.22141E+01  0.41387E+00  0.33424E+00  0.80760E+00
  0.41431E+00  0.22084E+01  0.41126E+00  0.33251E+00  0.80852E+00
  0.41346E+00  0.22027E+01  0.40865E+00  0.33078E+00  0.80944E+00
  0.41260E+00  0.21970E+01  0.40606E+00  0.32905E+00  0.81037E+00
  0.41174E+00  0.21913E+01  0.40346E+00  0.32733E+00  0.81130E+00
  0.41087E+00  0.21856E+01  0.40088E+00  0.32561E+00  0.81223E+00
  0.41001E+00  0.21799E+01  0.39830E+00  0.32389E+00  0.81318E+00
  0.40914E+00  0.21741E+01  0.39573E+00  0.32217E+00  0.81412E+00
  0.40826E+00  0.21684E+01  0.39317E+00  0.32046E+00  0.81507E+00
  0.40738E+00  0.21626E+01  0.39061E+00  0.31875E+00  0.81603E+00
  0.40650E+00  0.21568E+01  0.38806E+00  0.31704E+00  0.81700E+00
  0.40561E+00  0.21510E+01  0.38551E+00  0.31534E+00  0.81797E+00
  0.40472E+00  0.21451E+01  0.38297E+00  0.31363E+00  0.81895E+00
  0.40381E+00  0.21392E+01  0.38043E+00  0.31194E+00  0.81995E+00
  0.40290E+00  0.21333E+01  0.37790E+00  0.31024E+00  0.82096E+00
  0.40198E+00  0.21273E+01  0.37538E+00  0.30856E+00  0.82200E+00
  0.40104E+00  0.21212E+01  0.37285E+00  0.30688E+00  0.82307E+00
  0.40017E+00  0.21155E+01  0.37036E+00  0.30518E+00  0.82400E+00
  0.39930E+00  0.21099E+01  0.36789E+00  0.30347E+00  0.82489E+00
  0.39844E+00  0.21043E+01  0.36542E+00  0.30176E+00  0.82579E+00
  0.39757E+00  0.20987E+01  0.36296E+00  0.30005E+00  0.82669E+00
  0.39670E+00  0.20930E+01  0.36050E+00  0.29835E+00  0.82759E+00
  0.39583E+00  0.20874E+01  0.35806E+00  0.29665E+00  0.82849E+00
  0.39495E+00  0.20818E+01  0.35562E+00  0.29495E+00  0.82940E+00
  0.39407E+00  0.20761E+01  0.35318E+00  0.29325E+00  0.83031E+00
  0.39319E+00  0.20704E+01  0.35076E+00  0.29156E+00  0.83123E+00
  0.39231E+00  0.20648E+01  0.34834E+00  0.28987E+00  0.83215E+00
  0.39142E+00  0.20591E+01  0.34592E+00  0.28818E+00  0.83307E+00
  0.39053E+00  0.20534E+01  0.34352E+00  0.28649E+00  0.83400E+00
  0.38963E+00  0.20476E+01  0.34112E+00  0.28481E+00  0.83493E+00
  0.38873E+00  0.20419E+01  0.33872E+00  0.28313E+00  0.83587E+00
  0.38783E+00  0.20361E+01  0.33634E+00  0.28145E+00  0.83681E+00
  0.38692E+00  0.20304E+01  0.33396E+00  0.27977E+00  0.83776E+00
  0.38601E+00  0.20246E+01  0.33158E+00  0.27810E+00  0.83871E+00
  0.38509E+00  0.20188E+01  0.32922E+00  0.27643E+00  0.83967E+00
  0.38417E+00  0.20129E+01  0.32685E+00  0.27477E+00  0.84064E+00
  0.38324E+00  0.20070E+01  0.32450E+00  0.27310E+00  0.84161E+00
  0.38231E+00  0.20011E+01  0.32215E+00  0.27144E+00  0.84260E+00
  0.38137E+00  0.19952E+01  0.31981E+00  0.26979E+00  0.84359E+00
  0.38042E+00  0.19892E+01  0.31747E+00  0.26814E+00  0.84460E+00
  0.37946E+00  0.19832E+01  0.31514E+00  0.26649E+00  0.84562E+00
  0.37849E+00  0.19771E+01  0.31282E+00  0.26485E+00  0.84665E+00
  0.37751E+00  0.19710E+01  0.31050E+00  0.26321E+00  0.84771E+00
  0.37651E+00  0.19647E+01  0.30818E+00  0.26158E+00  0.84881E+00
  0.37553E+00  0.19586E+01  0.30587E+00  0.25995E+00  0.84987E+00
  0.37458E+00  0.19527E+01  0.30359E+00  0.25831E+00  0.85085E+00
  0.37370E+00  0.19472E+01  0.30134E+00  0.25664E+00  0.85168E+00
  0.37282E+00  0.19417E+01  0.29909E+00  0.25498E+00  0.85251E+00
  0.37194E+00  0.19362E+01  0.29686E+00  0.25332E+00  0.85335E+00
  0.37106E+00  0.19308E+01  0.29463E+00  0.25166E+00  0.85418E+00
  0.37017E+00  0.19253E+01  0.29240E+00  0.25001E+00  0.85501E+00
  0.36928E+00  0.19198E+01  0.29018E+00  0.24835E+00  0.85585E+00
  0.36839E+00  0.19143E+01  0.28797E+00  0.24670E+00  0.85669E+00
  0.36750E+00  0.19087E+01  0.28577E+00  0.24505E+00  0.85753E+00
  0.36660E+00  0.19032E+01  0.28357E+00  0.24341E+00  0.85837E+00
  0.36570E+00  0.18977E+01  0.28138E+00  0.24177E+00  0.85921E+00
  0.36480E+00  0.18921E+01  0.27920E+00  0.24013E+00  0.86005E+00
  0.36390E+00  0.18866E+01  0.27702E+00  0.23849E+00  0.86089E+00
  0.36299E+00  0.18810E+01  0.27485E+00  0.23685E+00  0.86174E+00
  0.36208E+00  0.18754E+01  0.27269E+00  0.23522E+00  0.86259E+00
  0.36117E+00  0.18699E+01  0.27053E+00  0.23359E+00  0.86343E+00
  0.36025E+00  0.18643E+01  0.26839E+00  0.23196E+00  0.86429E+00
  0.35933E+00  0.18587E+01  0.26624E+00  0.23034E+00  0.86514E+00
  0.35841E+00  0.18530E+01  0.26411E+00  0.22872E+00  0.86599E+00
  0.35748E+00  0.18474E+01  0.26198E+00  0.22710E+00  0.86685E+00
  0.35656E+00  0.18418E+01  0.25986E+00  0.22548E+00  0.86771E+00
  0.35562E+00  0.18361E+01  0.25774E+00  0.22387E+00  0.86857E+00
  0.35469E+00  0.18304E+01  0.25564E+00  0.22226E+00  0.86943E+00
  0.35375E+00  0.18248E+01  0.25353E+00  0.22065E+00  0.87030E+00
  0.35280E+00  0.18191E+01  0.25144E+00  0.21905E+00  0.87117E+00
  0.35185E+00  0.18133E+01  0.24935E+00  0.21745E+00  0.87205E+00
  0.35090E+00  0.18076E+01  0.24727E+00  0.21585E+00  0.87292E+00
  0.34994E+00  0.18018E+01  0.24520E+00  0.21425E+00  0.87381E+00
  0.34898E+00  0.17961E+01  0.24313E+00  0.21266E+00  0.87469E+00
  0.34801E+00  0.17902E+01  0.24107E+00  0.21108E+00  0.87559E+00
  0.34703E+00  0.17844E+01  0.23901E+00  0.20949E+00  0.87649E+00
  0.34605E+00  0.17785E+01  0.23697E+00  0.20791E+00  0.87740E+00
  0.34506E+00  0.17726E+01  0.23492E+00  0.20634E+00  0.87832E+00
  0.34406E+00  0.17666E+01  0.23289E+00  0.20477E+00  0.87926E+00
  0.34308E+00  0.17608E+01  0.23086E+00  0.20319E+00  0.88014E+00
  0.34214E+00  0.17552E+01  0.22886E+00  0.20161E+00  0.88095E+00
  0.34119E+00  0.17496E+01  0.22686E+00  0.20004E+00  0.88177E+00
  0.34024E+00  0.17439E+01  0.22486E+00  0.19846E+00  0.88259E+00
  0.33929E+00  0.17383E+01  0.22288E+00  0.19689E+00  0.88341E+00
  0.33833E+00  0.17326E+01  0.22090E+00  0.19532E+00  0.88423E+00
  0.33737E+00  0.17270E+01  0.21893E+00  0.19376E+00  0.88505E+00
  0.33641E+00  0.17213E+01  0.21696E+00  0.19220E+00  0.88587E+00
  0.33544E+00  0.17156E+01  0.21500E+00  0.19064E+00  0.88670E+00
  0.33447E+00  0.17099E+01  0.21305E+00  0.18909E+00  0.88752E+00
  0.33350E+00  0.17041E+01  0.21110E+00  0.18753E+00  0.88835E+00
  0.33252E+00  0.16984E+01  0.20917E+00  0.18599E+00  0.88918E+00
  0.33154E+00  0.16926E+01  0.20724E+00  0.18444E+00  0.89001E+00
  0.33055E+00  0.16869E+01  0.20531E+00  0.18290E+00  0.89084E+00
  0.32956E+00  0.16811E+01  0.20339E+00  0.18136E+00  0.89168E+00
  0.32857E+00  0.16753E+01  0.20148E+00  0.17983E+00  0.89251E+00
  0.32757E+00  0.16695E+01  0.19958E+00  0.17830E+00  0.89335E+00
  0.32657E+00  0.16636E+01  0.19768E+00  0.17677E+00  0.89419E+00
  0.32556E+00  0.16578E+01  0.19580E+00  0.17524E+00  0.89503E+00
  0.32455E+00  0.16519E+01  0.19391E+00  0.17372E+00  0.89588E+00
  0.32353E+00  0.16460E+01  0.19204E+00  0.17221E+00  0.89672E+00
  0.32251E+00  0.16401E+01  0.19017E+00  0.17069E+00  0.89757E+00
  0.32148E+00  0.16341E+01  0.18831E+00  0.16918E+00  0.89842E+00
  0.32045E+00  0.16282E+01  0.18646E+00  0.16768E+00  0.89928E+00
  0.31941E+00  0.16222E+01  0.18461E+00  0.16617E+00  0.90014E+00
  0.31837E+00  0.16162E+01  0.18277E+00  0.16467E+00  0.90100E+00
  0.31732E+00  0.16102E+01  0.18094E+00  0.16318E+00  0.90186E+00
  0.31627E+00  0.16041E+01  0.17911E+00  0.16169E+00  0.90273E+00
  0.31521E+00  0.15980E+01  0.17729E+00  0.16020E+00  0.90360E+00
  0.31414E+00  0.15919E+01  0.17548E+00  0.15872E+00  0.90447E+00
  0.31307E+00  0.15858E+01  0.17368E+00  0.15724E+00  0.90535E+00
  0.31199E+00  0.15796E+01  0.17188E+00  0.15576E+00  0.90624E+00
  0.31090E+00  0.15734E+01  0.17009E+00  0.15429E+00  0.90713E+00
  0.30980E+00  0.15672E+01  0.16831E+00  0.15283E+00  0.90803E+00
  0.30870E+00  0.15609E+01  0.16653E+00  0.15137E+00  0.90893E+00
  0.30759E+00  0.15545E+01  0.16476E+00  0.14991E+00  0.90984E+00
  0.30647E+00  0.15482E+01  0.16300E+00  0.14845E+00  0.91075E+00
  0.30533E+00  0.15418E+01  0.16125E+00  0.14701E+00  0.91168E+00
  0.30419E+00  0.15353E+01  0.15950E+00  0.14556E+00  0.91261E+00
  0.30304E+00  0.15288E+01  0.15776E+00  0.14412E+00  0.91356E+00
  0.30187E+00  0.15222E+01  0.15603E+00  0.14269E+00  0.91452E+00
  0.30068E+00  0.15155E+01  0.15430E+00  0.14126E+00  0.91549E+00
  0.29948E+00  0.15087E+01  0.15258E+00  0.13984E+00  0.91649E+00
  0.29826E+00  0.15018E+01  0.15087E+00  0.13842E+00  0.91750E+00
  0.29701E+00  0.14948E+01  0.14916E+00  0.13701E+00  0.91855E+00
  0.29573E+00  0.14876E+01  0.14746E+00  0.13561E+00  0.91964E+00
  0.29440E+00  0.14802E+01  0.14577E+00  0.13422E+00  0.92079E+00
  0.29298E+00  0.14723E+01  0.14407E+00  0.13284E+00  0.92205E+00
  0.29157E+00  0.14644E+01  0.14239E+00  0.13147E+00  0.92330E+00
  0.29032E+00  0.14574E+01  0.14073E+00  0.13008E+00  0.92429E+00
  0.28909E+00  0.14506E+01  0.13909E+00  0.12869E+00  0.92525E+00
  0.28797E+00  0.14444E+01  0.13746E+00  0.12729E+00  0.92604E+00
  0.28692E+00  0.14385E+01  0.13585E+00  0.12590E+00  0.92673E+00
  0.28585E+00  0.14326E+01  0.13424E+00  0.12450E+00  0.92743E+00
  0.28478E+00  0.14267E+01  0.13265E+00  0.12311E+00  0.92813E+00
  0.28371E+00  0.14207E+01  0.13106E+00  0.12173E+00  0.92882E+00
  0.28264E+00  0.14148E+01  0.12947E+00  0.12035E+00  0.92952E+00
  0.28155E+00  0.14088E+01  0.12790E+00  0.11897E+00  0.93022E+00
  0.28047E+00  0.14028E+01  0.12633E+00  0.11760E+00  0.93091E+00
  0.27937E+00  0.13968E+01  0.12476E+00  0.11623E+00  0.93161E+00
  0.27828E+00  0.13907E+01  0.12321E+00  0.11487E+00  0.93231E+00
  0.27717E+00  0.13847E+01  0.12166E+00  0.11351E+00  0.93301E+00
  0.27606E+00  0.13786E+01  0.12012E+00  0.11215E+00  0.93370E+00
  0.27495E+00  0.13725E+01  0.11858E+00  0.11080E+00  0.93440E+00
  0.27383E+00  0.13664E+01  0.11706E+00  0.10946E+00  0.93510E+00
  0.27270E+00  0.13602E+01  0.11554E+00  0.10812E+00  0.93580E+00
  0.27157E+00  0.13540E+01  0.11402E+00  0.10678E+00  0.93649E+00
  0.27043E+00  0.13478E+01  0.11252E+00  0.10545E+00  0.93719E+00
  0.26929E+00  0.13416E+01  0.11102E+00  0.10412E+00  0.93789E+00
  0.26814E+00  0.13353E+01  0.10953E+00  0.10280E+00  0.93859E+00
  0.26698E+00  0.13290E+01  0.10804E+00  0.10148E+00  0.93929E+00
  0.26582E+00  0.13227E+01  0.10657E+00  0.10017E+00  0.93999E+00
  0.26464E+00  0.13164E+01  0.10510E+00  0.98865E-01  0.94070E+00
  0.26347E+00  0.13100E+01  0.10364E+00  0.97563E-01  0.94140E+00
  0.26228E+00  0.13036E+01  0.10218E+00  0.96265E-01  0.94210E+00
  0.26109E+00  0.12971E+01  0.10073E+00  0.94973E-01  0.94281E+00
  0.25989E+00  0.12907E+01  0.99295E-01  0.93686E-01  0.94351E+00
  0.25868E+00  0.12842E+01  0.97862E-01  0.92403E-01  0.94422E+00
  0.25746E+00  0.12776E+01  0.96438E-01  0.91126E-01  0.94493E+00
  0.25623E+00  0.12710E+01  0.95021E-01  0.89855E-01  0.94564E+00
  0.25500E+00  0.12644E+01  0.93611E-01  0.88588E-01  0.94635E+00
  0.25376E+00  0.12577E+01  0.92209E-01  0.87327E-01  0.94706E+00
  0.25250E+00  0.12510E+01  0.90815E-01  0.86072E-01  0.94777E+00
  0.25124E+00  0.12443E+01  0.89428E-01  0.84822E-01  0.94849E+00
  0.24997E+00  0.12375E+01  0.88049E-01  0.83577E-01  0.94921E+00
  0.24868E+00  0.12306E+01  0.86678E-01  0.82338E-01  0.94993E+00
  0.24738E+00  0.12237E+01  0.85314E-01  0.81105E-01  0.95066E+00
  0.24608E+00  0.12167E+01  0.83959E-01  0.79877E-01  0.95139E+00
  0.24475E+00  0.12097E+01  0.82611E-01  0.78656E-01  0.95212E+00
  0.24342E+00  0.12026E+01  0.81271E-01  0.77440E-01  0.95286E+00
  0.24207E+00  0.11955E+01  0.79940E-01  0.76231E-01  0.95360E+00
  0.24070E+00  0.11882E+01  0.78616E-01  0.75027E-01  0.95436E+00
  0.23932E+00  0.11809E+01  0.77300E-01  0.73830E-01  0.95511E+00
  0.23792E+00  0.11735E+01  0.75993E-01  0.72640E-01  0.95588E+00
  0.23649E+00  0.11660E+01  0.74693E-01  0.71456E-01  0.95666E+00
  0.23504E+00  0.11584E+01  0.73402E-01  0.70279E-01  0.95745E+00
  0.23356E+00  0.11506E+01  0.72119E-01  0.69109E-01  0.95827E+00
  0.23203E+00  0.11425E+01  0.70844E-01  0.67947E-01  0.95912E+00
  0.23065E+00  0.11353E+01  0.69583E-01  0.66786E-01  0.95981E+00
  0.22926E+00  0.11280E+01  0.68331E-01  0.65631E-01  0.96049E+00
  0.22785E+00  0.11206E+01  0.67087E-01  0.64482E-01  0.96118E+00
  0.22643E+00  0.11132E+01  0.65851E-01  0.63340E-01  0.96187E+00
  0.22499E+00  0.11056E+01  0.64624E-01  0.62205E-01  0.96257E+00
  0.22353E+00  0.10980E+01  0.63404E-01  0.61076E-01  0.96327E+00
  0.22205E+00  0.10903E+01  0.62194E-01  0.59954E-01  0.96399E+00
  0.22054E+00  0.10825E+01  0.60992E-01  0.58839E-01  0.96471E+00
  0.21901E+00  0.10745E+01  0.59799E-01  0.57732E-01  0.96544E+00
  0.21745E+00  0.10664E+01  0.58614E-01  0.56632E-01  0.96618E+00
  0.21586E+00  0.10581E+01  0.57438E-01  0.55539E-01  0.96694E+00
  0.21423E+00  0.10497E+01  0.56271E-01  0.54455E-01  0.96772E+00
  0.21256E+00  0.10410E+01  0.55114E-01  0.53379E-01  0.96852E+00
  0.21083E+00  0.10321E+01  0.53965E-01  0.52311E-01  0.96935E+00
  0.20902E+00  0.10228E+01  0.52826E-01  0.51253E-01  0.97022E+00
  0.20711E+00  0.10129E+01  0.51695E-01  0.50205E-01  0.97117E+00
  0.20499E+00  0.10020E+01  0.50573E-01  0.49169E-01  0.97224E+00
  0.20318E+00  0.99265E+00  0.49470E-01  0.48137E-01  0.97307E+00
  0.20177E+00  0.98541E+00  0.48383E-01  0.47104E-01  0.97356E+00
  0.20034E+00  0.97811E+00  0.47305E-01  0.46077E-01  0.97405E+00
  0.19891E+00  0.97075E+00  0.46235E-01  0.45058E-01  0.97454E+00
  0.19746E+00  0.96334E+00  0.45173E-01  0.44045E-01  0.97503E+00
  0.19600E+00  0.95588E+00  0.44119E-01  0.43039E-01  0.97552E+00
  0.19453E+00  0.94834E+00  0.43074E-01  0.42040E-01  0.97601E+00
  0.19304E+00  0.94075E+00  0.42037E-01  0.41049E-01  0.97650E+00
  0.19154E+00  0.93309E+00  0.41008E-01  0.40064E-01  0.97699E+00
  0.19002E+00  0.92536E+00  0.39988E-01  0.39087E-01  0.97747E+00
  0.18849E+00  0.91755E+00  0.38976E-01  0.38117E-01  0.97796E+00
  0.18693E+00  0.90967E+00  0.37974E-01  0.37155E-01  0.97844E+00
  0.18537E+00  0.90171E+00  0.36980E-01  0.36200E-01  0.97892E+00
  0.18378E+00  0.89367E+00  0.35994E-01  0.35253E-01  0.97941E+00
  0.18217E+00  0.88553E+00  0.35018E-01  0.34314E-01  0.97989E+00
  0.18054E+00  0.87730E+00  0.34051E-01  0.33382E-01  0.98037E+00
  0.17889E+00  0.86896E+00  0.33093E-01  0.32459E-01  0.98086E+00
  0.17722E+00  0.86051E+00  0.32144E-01  0.31544E-01  0.98135E+00
  0.17553E+00  0.85202E+00  0.31204E-01  0.30637E-01  0.98183E+00
  0.17389E+00  0.84376E+00  0.30274E-01  0.29738E-01  0.98227E+00
  0.17223E+00  0.83541E+00  0.29354E-01  0.28846E-01  0.98270E+00
  0.17055E+00  0.82695E+00  0.28443E-01  0.27963E-01  0.98314E+00
  0.16885E+00  0.81840E+00  0.27541E-01  0.27089E-01  0.98358E+00
  0.16712E+00  0.80973E+00  0.26648E-01  0.26222E-01  0.98402E+00
  0.16536E+00  0.80094E+00  0.25766E-01  0.25365E-01  0.98445E+00
  0.16358E+00  0.79202E+00  0.24892E-01  0.24516E-01  0.98489E+00
  0.16177E+00  0.78298E+00  0.24029E-01  0.23677E-01  0.98533E+00
  0.15993E+00  0.77379E+00  0.23176E-01  0.22846E-01  0.98576E+00
  0.15805E+00  0.76444E+00  0.22333E-01  0.22025E-01  0.98620E+00
  0.15614E+00  0.75493E+00  0.21500E-01  0.21213E-01  0.98664E+00
  0.15419E+00  0.74523E+00  0.20678E-01  0.20411E-01  0.98709E+00
  0.15220E+00  0.73534E+00  0.19866E-01  0.19618E-01  0.98753E+00
  0.15016E+00  0.72522E+00  0.19065E-01  0.18836E-01  0.98798E+00
  0.14807E+00  0.71486E+00  0.18276E-01  0.18065E-01  0.98844E+00
  0.14592E+00  0.70421E+00  0.17498E-01  0.17304E-01  0.98890E+00
  0.14370E+00  0.69323E+00  0.16732E-01  0.16554E-01  0.98937E+00
  0.14140E+00  0.68187E+00  0.15978E-01  0.15816E-01  0.98986E+00
  0.13900E+00  0.67002E+00  0.15236E-01  0.15089E-01  0.99036E+00
  0.13646E+00  0.65753E+00  0.14508E-01  0.14376E-01  0.99089E+00
  0.13374E+00  0.64413E+00  0.13793E-01  0.13675E-01  0.99146E+00
  0.13069E+00  0.62912E+00  0.13094E-01  0.12990E-01  0.99211E+00
