     0.112221551498648E+01     0.848236551086101E+01     0.345808266985767E+01
     0.112116110487790E+01     0.847282324275822E+01     0.345365577141000E+01
     0.112010511614673E+01     0.846326572862920E+01     0.344922714298508E+01
     0.111904750121771E+01     0.845369249872236E+01     0.344479671649522E+01
     0.111798820954148E+01     0.844410305568651E+01     0.344036442134680E+01
     0.111692718733032E+01     0.843449687211597E+01     0.343593018425142E+01
     0.111586437725704E+01     0.842487338779201E+01     0.343149392898043E+01
     0.111479971811974E+01     0.841523200659121E+01     0.342705557610901E+01
     0.111373314446318E+01     0.840557209300099E+01     0.342261504272231E+01
     0.111266458615137E+01     0.839589296818418E+01     0.341817224208669E+01
     0.111159396788253E+01     0.838619390551637E+01     0.341372708327555E+01
     0.111052120863751E+01     0.837647412550971E+01     0.340927947074599E+01
     0.110944622104946E+01     0.836673279001502E+01     0.340482930385491E+01
     0.110836891068098E+01     0.835696899557404E+01     0.340037647630525E+01
     0.110728917519190E+01     0.834718176576527E+01     0.339592087551056E+01
     0.110620690337589E+01     0.833737004234886E+01     0.339146238185928E+01
     0.110512197404100E+01     0.832753267497490E+01     0.338700086786278E+01
     0.110403425470077E+01     0.831766840915709E+01     0.338253619715944E+01
     0.110294360003671E+01     0.830777587214403E+01     0.337806822334880E+01
     0.110184985008009E+01     0.829785355621825E+01     0.337359678861372E+01
     0.110075282804880E+01     0.828789979882864E+01     0.336912172208496E+01
     0.109965233775542E+01     0.827791275879031E+01     0.336464283788478E+01
     0.109854816047791E+01     0.826789038755646E+01     0.336015993276889E+01
     0.109744005115086E+01     0.825783039425743E+01     0.335567278326263E+01
     0.109632773368653E+01     0.824773020276701E+01     0.335118114214481E+01
     0.109521089517342E+01     0.823758689846503E+01     0.334668473410766E+01
     0.109408917859864E+01     0.822739716148774E+01     0.334218325030425E+01
     0.109296217361444E+01     0.821715718204182E+01     0.333767634145555E+01
     0.109182940466273E+01     0.820686255150853E+01     0.333316360900134E+01
     0.109069031546988E+01     0.819650812030059E+01     0.332864459355909E+01
     0.108954424845930E+01     0.818608780916366E+01     0.332411875962966E+01
     0.108839041688680E+01     0.817559435381952E+01     0.331958547494039E+01
     0.108722786628191E+01     0.816501895168842E+01     0.331504398190073E+01
     0.108605541971349E+01     0.815435076049838E+01     0.331049335716395E+01
     0.108487159772127E+01     0.814357616498491E+01     0.330593245256192E+01
     0.108367449693097E+01     0.813267766539123E+01     0.330135980574325E+01
     0.108246159786115E+01     0.812163211796917E+01     0.329677349890547E+01
     0.108122944380490E+01     0.811040779574983E+01     0.329217092320234E+01
     0.107997306614601E+01     0.809895912946113E+01     0.328754835785522E+01
     0.107885650668119E+01     0.808878142519652E+01     0.328301798621615E+01
     0.107789872189225E+01     0.808004927064312E+01     0.327859452111464E+01
     0.107694043989806E+01     0.807131111657363E+01     0.327416924586883E+01
     0.107598165669064E+01     0.806256690105018E+01     0.326974213056251E+01
     0.107502236819748E+01     0.805381656148055E+01     0.326531314514076E+01
     0.107406257028001E+01     0.804506003460498E+01     0.326088225940756E+01
     0.107310225873237E+01     0.803629725648390E+01     0.325644944302520E+01
     0.107214142927976E+01     0.802752816248385E+01     0.325201466551188E+01
     0.107118007757699E+01     0.801875268726383E+01     0.324757789624015E+01
     0.107021819920689E+01     0.800997076476070E+01     0.324313910443502E+01
     0.106925578967864E+01     0.800118232817441E+01     0.323869825917210E+01
     0.106829284442607E+01     0.799238730995203E+01     0.323425532937509E+01
     0.106732935880598E+01     0.798358564177233E+01     0.322981028381432E+01
     0.106636532809624E+01     0.797477725452874E+01     0.322536309110411E+01
     0.106540074749395E+01     0.796596207831209E+01     0.322091371970031E+01
     0.106443561211355E+01     0.795714004239306E+01     0.321646213789824E+01
     0.106346991698472E+01     0.794831107520336E+01     0.321200831382982E+01
     0.106250365705035E+01     0.793947510431661E+01     0.320755221546084E+01
     0.106153682716442E+01     0.793063205642871E+01     0.320309381058865E+01
     0.106056942208916E+01     0.792178185733453E+01     0.319863306683504E+01
     0.105960143649510E+01     0.791292443191624E+01     0.319416995165856E+01
     0.105863286495502E+01     0.790405970410629E+01     0.318970443232773E+01
     0.105766370194403E+01     0.789518759687448E+01     0.318523647593392E+01
     0.105669394183630E+01     0.788630803220150E+01     0.318076604938376E+01
     0.105572357890245E+01     0.787742093105410E+01     0.317629311939548E+01
     0.105475260730672E+01     0.786852621335906E+01     0.317181765249481E+01
     0.105378102110395E+01     0.785962379797623E+01     0.316733961500947E+01
     0.105280881423731E+01     0.785071360267193E+01     0.316285897307135E+01
     0.105183598053433E+01     0.784179554408872E+01     0.315837569260387E+01
     0.105086251370409E+01     0.783286953771533E+01     0.315388973932145E+01
     0.104988840733390E+01     0.782393549785602E+01     0.314940107872469E+01
     0.104891365488584E+01     0.781499333759775E+01     0.314490967609501E+01
     0.104793824969304E+01     0.780604296877588E+01     0.314041549648869E+01
     0.104696218495608E+01     0.779708430193963E+01     0.313591850473247E+01
     0.104598545373908E+01     0.778811724631508E+01     0.313141866541736E+01
     0.104500804896551E+01     0.777914170976645E+01     0.312691594289188E+01
     0.104402996341423E+01     0.777015759875722E+01     0.312241030125714E+01
     0.104305118971481E+01     0.776116481830753E+01     0.311790170435859E+01
     0.104207172034328E+01     0.775216327195202E+01     0.311339011578081E+01
     0.104109154761710E+01     0.774315286169362E+01     0.310887549883860E+01
     0.104007785669694E+01     0.773383174725019E+01     0.310432810044870E+01
     0.103903849218112E+01     0.772427164732670E+01     0.309975459755819E+01
     0.103800094641681E+01     0.771472529928431E+01     0.309517977560579E+01
     0.103696478160463E+01     0.770518867134418E+01     0.309060323542467E+01
     0.103592965532592E+01     0.769565860392050E+01     0.308602465727464E+01
     0.103489529262896E+01     0.768613255411381E+01     0.308144377735299E+01
     0.103386146774477E+01     0.767660842837510E+01     0.307686037242862E+01
     0.103282799165671E+01     0.766708446876428E+01     0.307227424940407E+01
     0.103179470338073E+01     0.765755917318118E+01     0.306768523799096E+01
     0.103076146368625E+01     0.764803123791831E+01     0.306309318544894E+01
     0.102972815046623E+01     0.763849951531152E+01     0.305849795269995E+01
     0.102869465525202E+01     0.762896298187360E+01     0.305389941139070E+01
     0.102766088054749E+01     0.761942071389350E+01     0.304929744166744E+01
     0.102662673774719E+01     0.760987186841267E+01     0.304469193040051E+01
     0.102559214549498E+01     0.760031566819674E+01     0.304008276980707E+01
     0.102455702836536E+01     0.759075138967365E+01     0.303546985632282E+01
     0.102352131579292E+01     0.758117835313320E+01     0.303085308968521E+01
     0.102248494119092E+01     0.757159591465575E+01     0.302623237216812E+01
     0.102144784121721E+01     0.756200345938445E+01     0.302160760793930E+01
     0.102040995515485E+01     0.755240039584462E+01     0.301697870250840E+01
     0.101937122438335E+01     0.754278615108801E+01     0.301234556224824E+01
     0.101833159192115E+01     0.753316016648777E+01     0.300770809397044E+01
     0.101729100202549E+01     0.752352189405087E+01     0.300306620454793E+01
     0.101624939983546E+01     0.751387079313339E+01     0.299841980055926E+01
     0.101520673105508E+01     0.750420632749265E+01     0.299376878798636E+01
     0.101416294165675E+01     0.749452796256558E+01     0.298911307188132E+01
     0.101311797761472E+01     0.748483516296949E+01     0.298445255610083E+01
     0.101207178464922E+01     0.747512739012820E+01     0.297978714301098E+01
     0.101102430798416E+01     0.746540410000744E+01     0.297511673320797E+01
     0.100997549211239E+01     0.745566474091508E+01     0.297044122523617E+01
     0.100892528056525E+01     0.744590875133536E+01     0.296576051530313E+01
     0.100787361568271E+01     0.743613555776377E+01     0.296107449698340E+01
     0.100667543669811E+01     0.742499595034676E+01     0.295622081083620E+01
     0.100552492014488E+01     0.741429442818413E+01     0.295141540909901E+01
     0.100439339568601E+01     0.740376483498923E+01     0.294662667517520E+01
     0.100327162223599E+01     0.739332138138846E+01     0.294184440114874E+01
     0.100215563219656E+01     0.738292723134351E+01     0.293706419239751E+01
     0.100104326089441E+01     0.737256227733340E+01     0.293228363489883E+01
     0.999933154376404E+00     0.736221393032841E+01     0.292750120169329E+01
     0.998824384312658E+00     0.735187354614466E+01     0.292271582920355E+01
     0.997716269403571E+00     0.734153476852221E+01     0.291792672103262E+01
     0.996608282009631E+00     0.733119266305428E+01     0.291313324546716E+01
     0.995499994870927E+00     0.732084322301188E+01     0.290833487702375E+01
     0.994391048549983E+00     0.731048306740327E+01     0.290353116066367E+01
     0.993281130398716E+00     0.730010924587173E+01     0.289872168861307E+01
     0.992169960296422E+00     0.728971910635098E+01     0.289390608455016E+01
     0.991057280544251E+00     0.727931020122322E+01     0.288908399229068E+01
     0.989942848395703E+00     0.726888021787504E+01     0.288425506730116E+01
     0.988826430295561E+00     0.725842692504580E+01     0.287941897001815E+01
     0.987707797235467E+00     0.724794812947689E+01     0.287457536031672E+01
     0.986586720831725E+00     0.723744163919790E+01     0.286972389268711E+01
     0.985462969849938E+00     0.722690523088474E+01     0.286486421181059E+01
     0.984336306968957E+00     0.721633661936887E+01     0.285999594827424E+01
     0.983206485626406E+00     0.720573342779946E+01     0.285511871425887E+01
     0.982073246802158E+00     0.719509315713017E+01     0.285023209899457E+01
     0.980936315610547E+00     0.718441315370189E+01     0.284533566382005E+01
     0.979795397566979E+00     0.717369057364971E+01     0.284042893665658E+01
     0.978650174380519E+00     0.716292234272425E+01     0.283551140567955E+01
     0.977500299098368E+00     0.715210510986791E+01     0.283058251192841E+01
     0.976345390388437E+00     0.714123519250098E+01     0.282564164053386E+01
     0.975185025685831E+00     0.713030851090017E+01     0.282068811014003E+01
     0.974018732844071E+00     0.711932050823598E+01     0.281572115996767E+01
     0.972845979809290E+00     0.710826605165540E+01     0.281073993377689E+01
     0.971666161654288E+00     0.709713930807452E+01     0.280574345969655E+01
     0.970478584051510E+00     0.708593358582735E+01     0.280073062452578E+01
     0.969282441844139E+00     0.707464112944335E+01     0.279570014035397E+01
     0.968076790795650E+00     0.706325284904340E+01     0.279065050063943E+01
     0.966860509585795E+00     0.705175795644174E+01     0.278557992110499E+01
     0.965632247570349E+00     0.704014346500012E+01     0.278048625858121E+01
     0.964390351137978E+00     0.702839348472933E+01     0.277536689669884E+01
     0.963132756820304E+00     0.701648819938671E+01     0.277021858014563E+01
     0.961856830691364E+00     0.700440232993791E+01     0.276503716590793E+01
     0.960559116808747E+00     0.699210272836382E+01     0.275981723405572E+01
     0.959234922448452E+00     0.697954441131406E+01     0.275455144678261E+01
     0.957877588331328E+00     0.696666358315227E+01     0.274922942194448E+01
     0.956477090283926E+00     0.695336427051672E+01     0.274383557729376E+01
     0.955017024869069E+00     0.693948951816937E+01     0.273834448907518E+01
     0.953466863488049E+00     0.692474739169067E+01     0.273270898056194E+01
     0.952116804886245E+00     0.691189868023699E+01     0.272736252606622E+01
     0.951190256945740E+00     0.690307650872801E+01     0.272264648221968E+01
     0.950263373727869E+00     0.689424825820632E+01     0.271792704629181E+01
     0.949336146316484E+00     0.688541384016026E+01     0.271320420002414E+01
     0.948408565810763E+00     0.687657316633355E+01     0.270847792522905E+01
     0.947480623311111E+00     0.686772614859351E+01     0.270374820377027E+01
     0.946552309905679E+00     0.685887269880408E+01     0.269901501754456E+01
     0.945623616657120E+00     0.685001272870173E+01     0.269427834846255E+01
     0.944694534589773E+00     0.684114614977449E+01     0.268953817843038E+01
     0.943765054677073E+00     0.683227287314317E+01     0.268479448933110E+01
     0.942835167829121E+00     0.682339280944389E+01     0.268004726300582E+01
     0.941904864880362E+00     0.681450586871155E+01     0.267529648123446E+01
     0.940974136577491E+00     0.680561196026449E+01     0.267054212571732E+01
     0.940042973567168E+00     0.679671099258804E+01     0.266578417805486E+01
     0.939111366383759E+00     0.678780287321782E+01     0.266102261972744E+01
     0.938179305436989E+00     0.677888750862196E+01     0.265625743207460E+01
     0.937246780999696E+00     0.676996480408288E+01     0.265148859627517E+01
     0.936313783194790E+00     0.676103466357416E+01     0.264671609332287E+01
     0.935380301982766E+00     0.675209698963859E+01     0.264193990400619E+01
     0.934446327148125E+00     0.674315168325945E+01     0.263716000888221E+01
     0.933511848286170E+00     0.673419864373154E+01     0.263237638825416E+01
     0.932576854788829E+00     0.672523776852557E+01     0.262758902214414E+01
     0.931641335830324E+00     0.671626895314918E+01     0.262279789026664E+01
     0.930705280352273E+00     0.670729209100262E+01     0.261800297200030E+01
     0.929768677048163E+00     0.669830707322833E+01     0.261320424635811E+01
     0.928831514347341E+00     0.668931378855495E+01     0.260840169195685E+01
     0.927893780397956E+00     0.668031212313240E+01     0.260359528698278E+01
     0.926955463049479E+00     0.667130196036111E+01     0.259878500915775E+01
     0.926016549834246E+00     0.666228318071201E+01     0.259397083570256E+01
     0.925077027947915E+00     0.665325566153639E+01     0.258915274329718E+01
     0.924136884229066E+00     0.664421927686644E+01     0.258433070803979E+01
     0.923196105137731E+00     0.663517389720485E+01     0.257950470540359E+01
     0.922254676732346E+00     0.662611938930038E+01     0.257467471018858E+01
     0.921312584645785E+00     0.661705561591232E+01     0.256984069647316E+01
     0.920369814059577E+00     0.660798243555850E+01     0.256500263756009E+01
     0.919426349676761E+00     0.659889970224867E+01     0.256016050592059E+01
     0.918482175692826E+00     0.658980726519970E+01     0.255531427313342E+01
     0.917537275764840E+00     0.658070496853222E+01     0.255046390982042E+01
     0.916591632978231E+00     0.657159265094535E+01     0.254560938557591E+01
     0.915645229811772E+00     0.656247014537105E+01     0.254075066889413E+01
     0.914698048099393E+00     0.655333727860038E+01     0.253588772708707E+01
     0.913750068989735E+00     0.654419387088497E+01     0.253102052619939E+01
     0.912801272902572E+00     0.653503973550788E+01     0.252614903091613E+01
     0.911851639481516E+00     0.652587467831973E+01     0.252127320446060E+01
     0.910901147543703E+00     0.651669849724169E+01     0.251639300848853E+01
     0.909949775024793E+00     0.650751098172539E+01     0.251150840296913E+01
     0.908997498919885E+00     0.649831191217053E+01     0.250661934605905E+01
     0.908044295219485E+00     0.648910105929376E+01     0.250172579396535E+01
     0.907090138839602E+00     0.647987818344145E+01     0.249682770079402E+01
     0.906135003546500E+00     0.647064303384624E+01     0.249192501839003E+01
     0.905178861873819E+00     0.646139534781253E+01     0.248701769615684E+01
     0.904221685032987E+00     0.645213484983193E+01     0.248210568086485E+01
     0.903263442814726E+00     0.644286125061327E+01     0.247718891643822E+01
     0.902304103481283E+00     0.643357424602070E+01     0.247226734372193E+01
     0.901343633648435E+00     0.642427351590956E+01     0.246734090022783E+01
     0.900381998155307E+00     0.641495872284384E+01     0.246240951985259E+01
     0.899419159921066E+00     0.640562951068342E+01     0.245747313256780E+01
     0.898455079786726E+00     0.639628550302397E+01     0.245253166407838E+01
     0.897489716339623E+00     0.638692630146751E+01     0.244758503544181E+01
     0.896523025719027E+00     0.637755148370501E+01     0.244263316264837E+01
     0.895554961399475E+00     0.636816060138083E+01     0.243767595615164E+01
     0.894585473948926E+00     0.635875317770937E+01     0.243271332034410E+01
     0.893614510758646E+00     0.634932870481082E+01     0.242774515297359E+01
     0.892642015739588E+00     0.633988664071873E+01     0.242277134448527E+01
     0.891667928979358E+00     0.633042640600480E+01     0.241779177727224E+01
     0.890692186360438E+00     0.632094737999700E+01     0.241280632486844E+01
     0.889714719117097E+00     0.631144889643845E+01     0.240781485096179E+01
     0.888735453341796E+00     0.630193023860499E+01     0.240281720834380E+01
     0.887754309415772E+00     0.629239063369989E+01     0.239781323767029E+01
     0.886771201357831E+00     0.628282924643636E+01     0.239280276605168E+01
     0.885786036074208E+00     0.627324517164711E+01     0.238778560542819E+01
     0.884798712493458E+00     0.626363742575017E+01     0.238276155070898E+01
     0.883809120551917E+00     0.625400493678062E+01     0.237773037754767E+01
     0.882817140021074E+00     0.624434653281340E+01     0.237269183983356E+01
     0.881822639119533E+00     0.623466092830449E+01     0.236764566667495E+01
     0.880825472875906E+00     0.622494670796501E+01     0.236259155886123E+01
     0.879825481178699E+00     0.621520230756209E+01     0.235752918464118E+01
     0.878822486442663E+00     0.620542599093010E+01     0.235245817468954E+01
     0.877816290784618E+00     0.619561582217831E+01     0.234737811598974E+01
     0.876806672588919E+00     0.618576963187452E+01     0.234228854441995E+01
     0.875793382284412E+00     0.617588497547933E+01     0.233718893562938E+01
     0.874776137101893E+00     0.616595908175438E+01     0.233207869371301E+01
     0.873754614500513E+00     0.615598878805399E+01     0.232695713704354E+01
     0.872728443802321E+00     0.614597045805162E+01     0.232182348017771E+01
     0.871697195439305E+00     0.613589987591306E+01     0.231667681070136E+01
     0.870660366877896E+00     0.612577210785868E+01     0.231151605885226E+01
     0.869617363904928E+00     0.611558131809147E+01     0.230633995718722E+01
     0.868567475241019E+00     0.610532051913913E+01     0.230114698587418E+01
     0.867509837325292E+00     0.609498122557943E+01     0.229593529683864E+01
     0.866443384172156E+00     0.608455296105015E+01     0.229070260579139E+01
     0.865366773751255E+00     0.607402253453547E+01     0.228544603377489E+01
     0.864278275861520E+00     0.606337293828754E+01     0.228016186592039E+01
     0.863175593584827E+00     0.605258159314758E+01     0.227484516746604E+01
     0.862055562763254E+00     0.604161739556485E+01     0.226948913771893E+01
     0.860913608924589E+00     0.603043538203495E+01     0.226408394312043E+01
     0.859742668302133E+00     0.601896613002556E+01     0.225861439977591E+01
     0.858530736923490E+00     0.600709168577293E+01     0.225305471176938E+01
     0.857254019487500E+00     0.599457828524277E+01     0.224735377003113E+01
     0.855848748048002E+00     0.598079965834947E+01     0.224137471315071E+01
     0.854390917191852E+00     0.596649930716300E+01     0.223527796981626E+01
     0.853507329875054E+00     0.595782965528907E+01     0.223040577753782E+01
     0.852623569863528E+00     0.594915728473588E+01     0.222553219089698E+01
     0.851739635176689E+00     0.594048220105889E+01     0.222065723003892E+01
     0.850855523766430E+00     0.593180440939129E+01     0.221578091517756E+01
     0.849971233513601E+00     0.592312391440256E+01     0.221090326659433E+01
     0.849086762222243E+00     0.591444072024207E+01     0.220602430462379E+01
     0.848202107613197E+00     0.590575483047667E+01     0.220114404963721E+01
     0.847317267317199E+00     0.589706624802301E+01     0.219626252202564E+01
     0.846432238870212E+00     0.588837497508998E+01     0.219137974220118E+01
     0.845547019699316E+00     0.587968101306308E+01     0.218649573053715E+01
     0.844661607119498E+00     0.587098436244870E+01     0.218161050738683E+01
     0.843775998319597E+00     0.586228502275120E+01     0.217672409303243E+01
     0.842890190354951E+00     0.585358299238451E+01     0.217183650768501E+01
     0.842004180129028E+00     0.584487826851427E+01     0.216694777141473E+01
     0.841117964386127E+00     0.583617084695866E+01     0.216205790416364E+01
     0.840231539690613E+00     0.582746072200379E+01     0.215716692567371E+01
     0.839344902412371E+00     0.581874788624767E+01     0.215227485546630E+01
     0.838458048705048E+00     0.581003233039306E+01     0.214738171278233E+01
     0.837571184855677E+00     0.580131611066749E+01     0.214248798410368E+01
     0.836689318007162E+00     0.579264848185780E+01     0.213760483955963E+01
     0.835807288925850E+00     0.578397877750596E+01     0.213272085281391E+01
     0.834925095603875E+00     0.577530700708394E+01     0.212783604802974E+01
     0.834042735959001E+00     0.576663317955333E+01     0.212295044941030E+01
     0.833160207830240E+00     0.575795730332088E+01     0.211806408118838E+01
     0.832277508972700E+00     0.574927938618833E+01     0.211317696761222E+01
     0.831394637052544E+00     0.574059943530126E+01     0.210828913293383E+01
     0.830511589640773E+00     0.573191745708967E+01     0.210340060139097E+01
     0.829628364208934E+00     0.572323345721750E+01     0.209851139720447E+01
     0.828744958119093E+00     0.571454744049771E+01     0.209362154453804E+01
     0.827861368619953E+00     0.570585941083992E+01     0.208873106750310E+01
     0.826977592837627E+00     0.569716937116522E+01     0.208383999012929E+01
     0.826093627767302E+00     0.568847732332348E+01     0.207894833634402E+01
     0.825209470264309E+00     0.567978326800415E+01     0.207405612995134E+01
     0.824325117033440E+00     0.567108720463350E+01     0.206916339460220E+01
     0.823440564620481E+00     0.566238913128216E+01     0.206427015378395E+01
     0.822555809397233E+00     0.565368904452917E+01     0.205937643076967E+01
     0.821670847550448E+00     0.564498693934588E+01     0.205448224859918E+01
     0.820785675067116E+00     0.563628280895299E+01     0.204958763004067E+01
     0.819900287720016E+00     0.562757664467397E+01     0.204469259756009E+01
     0.819014681047526E+00     0.561886843574804E+01     0.203979717325849E+01
     0.818128850339344E+00     0.561015816917233E+01     0.203490137885720E+01
     0.817242790611389E+00     0.560144582947119E+01     0.203000523561816E+01
     0.816356496585483E+00     0.559273139848597E+01     0.202510876430656E+01
     0.815469962662744E+00     0.558401485511743E+01     0.202021198512193E+01
     0.814583182894664E+00     0.557529617504340E+01     0.201531491762621E+01
     0.813696150952251E+00     0.556657533041210E+01     0.201041758067308E+01
     0.812808860089968E+00     0.555785228949027E+01     0.200551999231868E+01
     0.811921303105926E+00     0.554912701627219E+01     0.200062216972589E+01
     0.811033472296970E+00     0.554039947003917E+01     0.199572412905591E+01
     0.810145359407915E+00     0.553166960486202E+01     0.199082588534573E+01
     0.809256955574824E+00     0.552293736904212E+01     0.198592745237471E+01
     0.808368251257819E+00     0.551420270446004E+01     0.198102884249466E+01
     0.807479236169184E+00     0.550546554586079E+01     0.197613006646880E+01
     0.806589899184619E+00     0.549672581999665E+01     0.197123113324406E+01
     0.805700228248749E+00     0.548798344468692E+01     0.196633204974126E+01
     0.804810210259067E+00     0.547923832768961E+01     0.196143282056653E+01
     0.803919830932067E+00     0.547049036539615E+01     0.195653344768308E+01
     0.803029074651811E+00     0.546173944133702E+01     0.195163393006152E+01
     0.802137924287119E+00     0.545298542439613E+01     0.194673426323618E+01
     0.801246360976905E+00     0.544422816670860E+01     0.194183443879069E+01
     0.800354363872901E+00     0.543546750114807E+01     0.193693444373383E+01
     0.799461909835809E+00     0.542670323834271E+01     0.193203425978224E+01
     0.798568973063681E+00     0.541793516304238E+01     0.192713386246325E+01
     0.797675524640762E+00     0.540916302970273E+01     0.192223322003280E+01
     0.796781531982598E+00     0.540038655705408E+01     0.191733229214418E+01
     0.795886958148116E+00     0.539160542136358E+01     0.191243102820360E+01
     0.794991760971278E+00     0.538281924794475E+01     0.190752936527669E+01
     0.794095891962605E+00     0.537402760039538E+01     0.190262722546594E+01
     0.793199294885845E+00     0.536522996667579E+01     0.189772451248438E+01
     0.792301903898277E+00     0.535642574090122E+01     0.189282110719932E+01
     0.791403641067965E+00     0.534761419904496E+01     0.188791686166925E+01
     0.790515976536362E+00     0.533890788529799E+01     0.188303917653065E+01
     0.789636863809242E+00     0.533028677508283E+01     0.187818321642406E+01
     0.788757711833575E+00     0.532166664467432E+01     0.187332852723886E+01
     0.787878521645432E+00     0.531304754240953E+01     0.186847514949965E+01
     0.786999294302517E+00     0.530442951695687E+01     0.186362312390372E+01
     0.786120030885186E+00     0.529581261732046E+01     0.185877249132348E+01
     0.785240732496888E+00     0.528719689284199E+01     0.185392329280523E+01
     0.784361400264752E+00     0.527858239320347E+01     0.184907556956865E+01
     0.783482035339942E+00     0.526996916842863E+01     0.184422936300471E+01
     0.782602638898279E+00     0.526135726888596E+01     0.183938471467536E+01
     0.781723212140616E+00     0.525274674529024E+01     0.183454166631131E+01
     0.780843756293543E+00     0.524413764870607E+01     0.182970025981212E+01
     0.779964272609816E+00     0.523553003054983E+01     0.182486053724420E+01
     0.779084762368993E+00     0.522692394259282E+01     0.182002254084013E+01
     0.778205226877918E+00     0.521831943696365E+01     0.181518631299694E+01
     0.777325667471486E+00     0.520971656615214E+01     0.181035189627605E+01
     0.776446085513027E+00     0.520111538301123E+01     0.180551933340067E+01
     0.775566482395205E+00     0.519251594076175E+01     0.180068866725643E+01
     0.774686859540431E+00     0.518391829299452E+01     0.179585994088873E+01
     0.773807218401812E+00     0.517532249367548E+01     0.179103319750349E+01
     0.772927560463491E+00     0.516672859714758E+01     0.178620848046379E+01
     0.772047887241726E+00     0.515813665813664E+01     0.178138583329121E+01
     0.771168200285436E+00     0.514954673175452E+01     0.177656529966362E+01
     0.770288501176986E+00     0.514095887350349E+01     0.177174692341426E+01
     0.769408791533029E+00     0.513237313928113E+01     0.176693074853127E+01
     0.768529073005252E+00     0.512378958538465E+01     0.176211681915626E+01
     0.767649347281336E+00     0.511520826851653E+01     0.175730517958422E+01
     0.766769616085738E+00     0.510662924578925E+01     0.175249587426217E+01
     0.765889881180602E+00     0.509805257473074E+01     0.174768894778832E+01
     0.765010144366670E+00     0.508947831329007E+01     0.174288444491130E+01
     0.764130407484441E+00     0.508090651984438E+01     0.173808241053068E+01
     0.763250672414859E+00     0.507233725320352E+01     0.173328288969427E+01
     0.762370941080567E+00     0.506377057261778E+01     0.172848592759897E+01
     0.761491215447007E+00     0.505520653778488E+01     0.172369156959045E+01
     0.760611497523295E+00     0.504664520885591E+01     0.171889986116104E+01
     0.759731789363647E+00     0.503808664644436E+01     0.171411084795117E+01
     0.758852093068457E+00     0.502953091163334E+01     0.170932457574823E+01
     0.757972410785448E+00     0.502097806598345E+01     0.170454109048569E+01
     0.757092744711134E+00     0.501242817154231E+01     0.169976043824407E+01
     0.756213097092008E+00     0.500388129085290E+01     0.169498266524980E+01
     0.755333470226020E+00     0.499533748696360E+01     0.169020781787582E+01
     0.754453866463968E+00     0.498679682343787E+01     0.168543594264121E+01
     0.753574288211019E+00     0.497825936436486E+01     0.168066708621158E+01
     0.752694737928281E+00     0.496972517437047E+01     0.167590129539929E+01
     0.751815218134336E+00     0.496119431862846E+01     0.167113861716328E+01
     0.750935731407283E+00     0.495266686287308E+01     0.166637909861266E+01
     0.750056280385575E+00     0.494414287341203E+01     0.166162278699793E+01
     0.749176867771030E+00     0.493562241713855E+01     0.165686972972437E+01
     0.748297496330050E+00     0.492710556154674E+01     0.165211997434505E+01
     0.747418168895645E+00     0.491859237474517E+01     0.164737356856287E+01
     0.746538888369780E+00     0.491008292547390E+01     0.164263056023347E+01
     0.745659657725214E+00     0.490157728311898E+01     0.163789099736432E+01
     0.744780480008089E+00     0.489307551773130E+01     0.163315492811834E+01
     0.743901358339972E+00     0.488457770004287E+01     0.162842240081338E+01
     0.743022295920633E+00     0.487608390148744E+01     0.162369346392610E+01
     0.742143296030453E+00     0.486759419421954E+01     0.161896816609276E+01
     0.741264362033174E+00     0.485910865113566E+01     0.161424655611177E+01
     0.740385497378816E+00     0.485062734589697E+01     0.160952868294671E+01
     0.739506705606532E+00     0.484215035295199E+01     0.160481459572825E+01
     0.738627990347894E+00     0.483367774756220E+01     0.160010434375821E+01
     0.737749355330109E+00     0.482520960582780E+01     0.159539797651252E+01
     0.736870804379376E+00     0.481674600471477E+01     0.159069554364421E+01
     0.735992341424750E+00     0.480828702208531E+01     0.158599709498896E+01
     0.735113970501716E+00     0.479983273672739E+01     0.158130268056784E+01
     0.734235695756425E+00     0.479138322838856E+01     0.157661235059346E+01
     0.733357521449822E+00     0.478293857780994E+01     0.157192615547443E+01
     0.732479451962168E+00     0.477449886676315E+01     0.156724414582125E+01
     0.731601491797795E+00     0.476606417808940E+01     0.156256637245265E+01
     0.730723645590067E+00     0.475763459574063E+01     0.155789288640203E+01
     0.729845918106655E+00     0.474921020482334E+01     0.155322373892459E+01
     0.728968314255250E+00     0.474079109164590E+01     0.154855898150596E+01
     0.728090839089350E+00     0.473237734376748E+01     0.154389866586974E+01
     0.727213497814731E+00     0.472396905005189E+01     0.153924284398791E+01
     0.726336295795959E+00     0.471556630072309E+01     0.153459156808972E+01
     0.725459238563627E+00     0.470716918742607E+01     0.152994489067336E+01
     0.724582331821991E+00     0.469877780329158E+01     0.152530286451827E+01
     0.723705581456788E+00     0.469039224300353E+01     0.152066554269626E+01
     0.722828993544133E+00     0.468201260287428E+01     0.151603297858737E+01
     0.721952574359558E+00     0.467363898092263E+01     0.151140522589397E+01
     0.721076330387877E+00     0.466527147695873E+01     0.150678233865734E+01
     0.720200268333816E+00     0.465691019267557E+01     0.150216437127616E+01
     0.719324395133148E+00     0.464855523174591E+01     0.149755137852488E+01
     0.718448717964939E+00     0.464020669992830E+01     0.149294341557563E+01
     0.717573244264684E+00     0.463186470518121E+01     0.148834053802168E+01
     0.716697981738157E+00     0.462352935778463E+01     0.148374280190130E+01
     0.715822938376843E+00     0.461520077047431E+01     0.147915026372679E+01
     0.714948122474107E+00     0.460687905858441E+01     0.147456298051299E+01
     0.714073542643259E+00     0.459856434020534E+01     0.146998100981203E+01
     0.713199207836469E+00     0.459025673635169E+01     0.146540440974700E+01
     0.712325127366063E+00     0.458195637114910E+01     0.146083323905373E+01
     0.711451310927114E+00     0.457366337203502E+01     0.145626755712274E+01
     0.710577768622515E+00     0.456537786998044E+01     0.145170742404812E+01
     0.709704510990030E+00     0.455709999973091E+01     0.144715290067910E+01
     0.708831549032369E+00     0.454882990007353E+01     0.144260404867968E+01
     0.707958894249931E+00     0.454056771412920E+01     0.143806093059261E+01
     0.707086558677009E+00     0.453231358967596E+01     0.143352360991124E+01
     0.706214554921774E+00     0.452406767950668E+01     0.142899215115938E+01
     0.705342896210542E+00     0.451583014182585E+01     0.142446661998000E+01
     0.704471596437222E+00     0.450760114069269E+01     0.141994708323605E+01
     0.703600670217997E+00     0.449938084651344E+01     0.141543360912063E+01
     0.702730132952962E+00     0.449116943659552E+01     0.141092626728379E+01
     0.701860000895235E+00     0.448296709577011E+01     0.140642512897496E+01
     0.700990291228664E+00     0.447477401709390E+01     0.140193026720302E+01
     0.700121022156181E+00     0.446659040264674E+01     0.139744175692076E+01
     0.699252213000039E+00     0.445841646443849E+01     0.139295967523392E+01
     0.698383884316504E+00     0.445025242544753E+01     0.138848410164216E+01
     0.697516058027675E+00     0.444209852081553E+01     0.138401511831722E+01
     0.696648757573606E+00     0.443395499922844E+01     0.137955281042455E+01
     0.695782008089472E+00     0.442582212452534E+01     0.137509726650059E+01
     0.694915836612734E+00     0.441770017758248E+01     0.137064857889489E+01
     0.694050272327386E+00     0.440958945853661E+01     0.136620684429321E+01
     0.693185346854514E+00     0.440149028943147E+01     0.136177216434311E+01
     0.692321094600444E+00     0.439340301739278E+01     0.135734464640495E+01
     0.691457553178446E+00     0.438532801847708E+01     0.135292440446497E+01
     0.690594763925361E+00     0.437726570238989E+01     0.134851156025859E+01
     0.689732772541523E+00     0.436921651833678E+01     0.134410624466398E+01
     0.688871629895873E+00     0.436118096238836E+01     0.133970859946336E+01
     0.688011393054090E+00     0.435315958689403E+01     0.133531877959729E+01
     0.687152126616294E+00     0.434515301274000E+01     0.133093695610588E+01
     0.686293904495884E+00     0.433716194566042E+01     0.132656332005247E+01
     0.685436812345013E+00     0.432918719849544E+01     0.132219808788665E+01
     0.684580950965171E+00     0.432122972251066E+01     0.131784150900746E+01
     0.683726441284916E+00     0.431329065314144E+01     0.131349387682920E+01
     0.682873431974824E+00     0.430537138002078E+01     0.130915554575472E+01
     0.682022111827694E+00     0.429747366090759E+01     0.130482695884097E+01
     0.681172731614093E+00     0.428959982294999E+01     0.130050869676184E+01
     0.680325647535233E+00     0.428175316311204E+01     0.129620157540008E+01
     0.679481425762925E+00     0.427393891221512E+01     0.129190688123507E+01
     0.678641212690017E+00     0.426616765189325E+01     0.128762720735304E+01
     0.677808689549092E+00     0.425847335752580E+01     0.128337087054287E+01
     0.676977979532467E+00     0.425080166445268E+01     0.127912449109116E+01
     0.676146644092575E+00     0.424313006845004E+01     0.127488256614457E+01
     0.675314675361486E+00     0.423545853704973E+01     0.127064511584213E+01
     0.674482065245574E+00     0.422778703590397E+01     0.126641215995892E+01
     0.673648805414847E+00     0.422011552869493E+01     0.126218371788834E+01
     0.672814887291363E+00     0.421244397703720E+01     0.125795980862179E+01
     0.671980302037079E+00     0.420477234037492E+01     0.125374045072832E+01
     0.671145040540749E+00     0.419710057587121E+01     0.124952566233200E+01
     0.670309093403976E+00     0.418942863829051E+01     0.124531546108813E+01
     0.669472450926300E+00     0.418175647987266E+01     0.124110986415767E+01
     0.668635103089294E+00     0.417408405019834E+01     0.123690888818044E+01
     0.667797039539357E+00     0.416641129604415E+01     0.123271254924522E+01
     0.666958249569462E+00     0.415873816122812E+01     0.122852086285899E+01
     0.666118722099460E+00     0.415106458644327E+01     0.122433384391334E+01
     0.665278445654822E+00     0.414339050907834E+01     0.122015150664780E+01
     0.664437408343825E+00     0.413571586302498E+01     0.121597386461087E+01
     0.663595597833019E+00     0.412804057847019E+01     0.121180093061825E+01
     0.662753001320514E+00     0.412036458167118E+01     0.120763271670647E+01
     0.661909605507546E+00     0.411268779471393E+01     0.120346923408526E+01
     0.661065396566998E+00     0.410501013524850E+01     0.119931049308188E+01
     0.660220360110072E+00     0.409733151620582E+01     0.119515650308540E+01
     0.659374481149419E+00     0.408965184548679E+01     0.119100727248215E+01
     0.658527744059217E+00     0.408197102562503E+01     0.118686280858636E+01
     0.657680132531990E+00     0.407428895342052E+01     0.118272311756663E+01
     0.656831629532151E+00     0.406660551954240E+01     0.117858820436985E+01
     0.655982217242163E+00     0.405892060808227E+01     0.117445807261825E+01
     0.655131877007376E+00     0.405123409608009E+01     0.117033272452109E+01
     0.654280589273413E+00     0.404354585299524E+01     0.116621216076425E+01
     0.653428333517241E+00     0.403585574012445E+01     0.116209638038819E+01
     0.652575088173528E+00     0.402816360996897E+01     0.115798538066813E+01
     0.651720830547582E+00     0.402046930551337E+01     0.115387915694489E+01
     0.650865536727150E+00     0.401277265945847E+01     0.114977770248969E+01
     0.650009181476972E+00     0.400507349333991E+01     0.114568100830562E+01
     0.649151738126941E+00     0.399737161656905E+01     0.114158906294127E+01
     0.648293178443206E+00     0.398966682534593E+01     0.113750185225626E+01
     0.647433472486608E+00     0.398195890145309E+01     0.113341935917532E+01
     0.646572588453008E+00     0.397424761089836E+01     0.112934156340660E+01
     0.645710492493021E+00     0.396653270238439E+01     0.112526844112065E+01
     0.644847148509948E+00     0.395881390558539E+01     0.112119996459675E+01
     0.643982517928411E+00     0.395109092918428E+01     0.111713610180642E+01
     0.643116559433259E+00     0.394336345864698E+01     0.111307681595195E+01
     0.642249228670126E+00     0.393563115367505E+01     0.110902206493010E+01
     0.641380477903520E+00     0.392789364528906E+01     0.110497180072501E+01
     0.640510255620680E+00     0.392015053245901E+01     0.110092596869283E+01
     0.639638506077753E+00     0.391240137822166E+01     0.109688450676045E+01
     0.638765168763176E+00     0.390464570512869E+01     0.109284734443719E+01
     0.637890177781644E+00     0.389688298996773E+01     0.108881440172663E+01
     0.637013461121718E+00     0.388911265752076E+01     0.108478558779521E+01
     0.636134939792063E+00     0.388133407318749E+01     0.108076079941054E+01
     0.635254526790959E+00     0.387354653418908E+01     0.107673991906729E+01
     0.634372125874775E+00     0.386574925903066E+01     0.107272281276242E+01
     0.633487630061899E+00     0.385794137472713E+01     0.106870932725706E+01
     0.632600919814520E+00     0.385012190124495E+01     0.106469928676747E+01
     0.631711860798391E+00     0.384228973233623E+01     0.106069248886934E+01
     0.630832416788281E+00     0.383455018459144E+01     0.105671313508254E+01
     0.630003434604040E+00     0.382726208680540E+01     0.105284313040783E+01
     0.629174018532632E+00     0.381997741295718E+01     0.104897948936580E+01
     0.628344165963227E+00     0.381269616948833E+01     0.104512223456357E+01
     0.627513874258937E+00     0.380541836256937E+01     0.104127138849567E+01
     0.626683140756328E+00     0.379814399809577E+01     0.103742697354277E+01
     0.625851962764933E+00     0.379087308168404E+01     0.103358901197058E+01
     0.625020337566820E+00     0.378360561866803E+01     0.102975752592909E+01
     0.624188262416116E+00     0.377634161409498E+01     0.102593253745161E+01
     0.623355734538459E+00     0.376908107272123E+01     0.102211406845353E+01
     0.622522751130490E+00     0.376182399900809E+01     0.101830214073131E+01
     0.621689309359364E+00     0.375457039711780E+01     0.101449677596170E+01
     0.620855406362300E+00     0.374732027090969E+01     0.101069799570126E+01
     0.620021039245759E+00     0.374007362393436E+01     0.100690582138379E+01
     0.619186205085220E+00     0.373283045943103E+01     0.100312027432135E+01
     0.618350900924296E+00     0.372559078032134E+01     0.999341375701473E+00
     0.617515123774379E+00     0.371835458920596E+01     0.995569146587584E+00
     0.616678870613847E+00     0.371112188835886E+01     0.991803607916983E+00
     0.615842138387542E+00     0.370389267972301E+01     0.988044780500443E+00
     0.615004924006115E+00     0.369666696490530E+01     0.984292685021169E+00
     0.614167224345264E+00     0.368944474517102E+01     0.980547342033267E+00
     0.613329036245197E+00     0.368222602143930E+01     0.976808771961523E+00
     0.612490356509799E+00     0.367501079427713E+01     0.973076995099706E+00
     0.611651181905982E+00     0.366779906389430E+01     0.969352031609947E+00
     0.610811509162983E+00     0.366059083013794E+01     0.965633901521948E+00
     0.609971334971453E+00     0.365338609248607E+01     0.961922624731149E+00
     0.609130655982840E+00     0.364618485004257E+01     0.958218220998668E+00
     0.608289468808436E+00     0.363898710153044E+01     0.954520709949447E+00
     0.607447770018639E+00     0.363179284528608E+01     0.950830111071784E+00
     0.606605556142056E+00     0.362460207925273E+01     0.947146443716042E+00
     0.605762823664645E+00     0.361741480097417E+01     0.943469727093788E+00
     0.604919569028737E+00     0.361023100758761E+01     0.939799980276343E+00
     0.604075788632209E+00     0.360305069581743E+01     0.936137222194338E+00
     0.603231478827435E+00     0.359587386196772E+01     0.932481471636198E+00
     0.602386635920269E+00     0.358870050191496E+01     0.928832747246982E+00
     0.601541256169117E+00     0.358153061110102E+01     0.925191067527806E+00
     0.600695335783766E+00     0.357436418452500E+01     0.921556450834164E+00
     0.599848870924378E+00     0.356720121673579E+01     0.917928915375308E+00
     0.599001857700302E+00     0.356004170182366E+01     0.914308479212795E+00
     0.598154292168914E+00     0.355288563341194E+01     0.910695160259402E+00
     0.597306170334503E+00     0.354573300464891E+01     0.907088976278453E+00
     0.596457488146910E+00     0.353858380819833E+01     0.903489944882019E+00
     0.595608241500246E+00     0.353143803623036E+01     0.899898083529778E+00
     0.594758426231729E+00     0.352429568041295E+01     0.896313409528679E+00
     0.593908038120064E+00     0.351715673190093E+01     0.892735940030404E+00
     0.593057072884306E+00     0.351002118132740E+01     0.889165692031668E+00
     0.592205526182139E+00     0.350288901879215E+01     0.885602682371594E+00
     0.591353393608482E+00     0.349576023385163E+01     0.882046927731090E+00
     0.590500670693997E+00     0.348863481550830E+01     0.878498444632010E+00
     0.589647352903312E+00     0.348151275219854E+01     0.874957249434992E+00
     0.588793435633344E+00     0.347439403178091E+01     0.871423358338171E+00
     0.587938914211817E+00     0.346727864152533E+01     0.867896787377203E+00
     0.587083783895051E+00     0.346016656809846E+01     0.864377552421684E+00
     0.586228039866505E+00     0.345305779755276E+01     0.860865669175962E+00
     0.585371677234479E+00     0.344595231531130E+01     0.857361153175754E+00
     0.584514691030421E+00     0.343885010615535E+01     0.853864019788348E+00
     0.583657076206560E+00     0.343175115420859E+01     0.850374284209606E+00
     0.582798827634019E+00     0.342465544292351E+01     0.846891961463839E+00
     0.581939940100306E+00     0.341756295506458E+01     0.843417066400847E+00
     0.581080408307247E+00     0.341047367269355E+01     0.839949613695659E+00
     0.580220226868310E+00     0.340338757715147E+01     0.836489617845540E+00
     0.579359390306327E+00     0.339630464904251E+01     0.833037093169467E+00
     0.578497893050691E+00     0.338922486821515E+01     0.829592053805422E+00
     0.577635729434788E+00     0.338214821374417E+01     0.826154513709307E+00
     0.576772893693017E+00     0.337507466391052E+01     0.822724486652295E+00
     0.575909379958065E+00     0.336800419618220E+01     0.819301986219996E+00
     0.575045182257567E+00     0.336093678719193E+01     0.815887025809042E+00
     0.574180294511212E+00     0.335387241271673E+01     0.812479618626529E+00
     0.573314710527201E+00     0.334681104765410E+01     0.809079777686735E+00
     0.572448423998867E+00     0.333975266599878E+01     0.805687515809353E+00
     0.571581428501105E+00     0.333269724081820E+01     0.802302845617382E+00
     0.570713717486527E+00     0.332564474422638E+01     0.798925779534340E+00
     0.569845284281579E+00     0.331859514735733E+01     0.795556329782050E+00
     0.568976122082469E+00     0.331154842033717E+01     0.792194508378216E+00
     0.568106223950859E+00     0.330450453225476E+01     0.788840327133617E+00
     0.567235582809290E+00     0.329746345113067E+01     0.785493797648879E+00
     0.566364191436715E+00     0.329042514388631E+01     0.782154931312607E+00
     0.565492042463377E+00     0.328338957630938E+01     0.778823739297252E+00
     0.564619128365861E+00     0.327635671301987E+01     0.775500232556856E+00
     0.563745441461674E+00     0.326932651743312E+01     0.772184421823422E+00
     0.562870973903568E+00     0.326229895172131E+01     0.768876317603231E+00
     0.561995717673693E+00     0.325527397677346E+01     0.765575930173407E+00
     0.561119664577525E+00     0.324825155215390E+01     0.762283269578657E+00
     0.560242806237222E+00     0.324123163605725E+01     0.758998345626488E+00
     0.559365134084973E+00     0.323421418526288E+01     0.755721167883772E+00
     0.558486639355771E+00     0.322719915508572E+01     0.752451745671959E+00
     0.557607313079876E+00     0.322018649932505E+01     0.749190088062326E+00
     0.556727146075127E+00     0.321317617021163E+01     0.745936203872154E+00
     0.555846128938343E+00     0.320616811834970E+01     0.742690101658166E+00
     0.554964252036909E+00     0.319916229265895E+01     0.739451789712763E+00
     0.554081505499279E+00     0.319215864031037E+01     0.736221276056959E+00
     0.553197879205526E+00     0.318515710666130E+01     0.732998568435642E+00
     0.552313362776917E+00     0.317815763518466E+01     0.729783674310332E+00
     0.551427945565243E+00     0.317116016739597E+01     0.726576600853171E+00
     0.550541616641374E+00     0.316416464277525E+01     0.723377354939674E+00
     0.549654364783153E+00     0.315717099868457E+01     0.720185943141004E+00
     0.548766178462736E+00     0.315017917028141E+01     0.717002371716521E+00
     0.547877045832491E+00     0.314318909042332E+01     0.713826646602270E+00
     0.546986954712827E+00     0.313620068958148E+01     0.710658773412900E+00
     0.546095892573994E+00     0.312921389572118E+01     0.707498757416620E+00
     0.545203846522058E+00     0.312222863420261E+01     0.704346603535527E+00
     0.544310803281206E+00     0.311524482766106E+01     0.701202316331687E+00
     0.543416749175667E+00     0.310826239588310E+01     0.698065899995943E+00
     0.542521670110480E+00     0.310128125567490E+01     0.694937358335922E+00
     0.541625551550951E+00     0.309430132072175E+01     0.691816694762921E+00
     0.540728378500634E+00     0.308732250143754E+01     0.688703912277225E+00
     0.539830135478221E+00     0.308034470480613E+01     0.685599013454171E+00
     0.538930806492524E+00     0.307336783421017E+01     0.682502000427561E+00
     0.538030375015807E+00     0.306639178924846E+01     0.679412874872131E+00
     0.537128823955371E+00     0.305941646554111E+01     0.676331637985358E+00
     0.536226135623153E+00     0.305244175452084E+01     0.673258290467844E+00
     0.535322291702876E+00     0.304546754320803E+01     0.670192832501111E+00
     0.534417273215121E+00     0.303849371397072E+01     0.667135263725111E+00
     0.533511060479552E+00     0.303152014426543E+01     0.664085583212799E+00
     0.532603633075324E+00     0.302454670636371E+01     0.661043789447700E+00
     0.531694969794785E+00     0.301757326703853E+01     0.658009880281885E+00
     0.530785048599664E+00     0.301059968725756E+01     0.654983852920135E+00
     0.529873846568311E+00     0.300362582182375E+01     0.651965703876273E+00
     0.528961339841282E+00     0.299665151900005E+01     0.648955428938522E+00
     0.528047503561896E+00     0.298967662010016E+01     0.645953023129199E+00
     0.527132311811316E+00     0.298270095904241E+01     0.642958480658777E+00
     0.526215737540003E+00     0.297572436187488E+01     0.639971794884873E+00
     0.525297752488095E+00     0.296874664623274E+01     0.636992958243510E+00
     0.524378327107488E+00     0.296176762079207E+01     0.634021962215692E+00
     0.523457430464690E+00     0.295478708461151E+01     0.631058797233529E+00
     0.522535030149029E+00     0.294780482648593E+01     0.628103452645063E+00
     0.521611092158669E+00     0.294082062416943E+01     0.625155916612276E+00
     0.520685580783751E+00     0.293383424356432E+01     0.622216176037339E+00
     0.519758458474735E+00     0.292684543781292E+01     0.619284216466372E+00
     0.518829685699485E+00     0.291985394630720E+01     0.616360021992783E+00
     0.517899220781886E+00     0.291285949357664E+01     0.613443575133707E+00
     0.516967019726817E+00     0.290586178807503E+01     0.610534856709162E+00
     0.516033036024562E+00     0.289886052082660E+01     0.607633845700783E+00
     0.515097220432496E+00     0.289185536391580E+01     0.604740519090631E+00
     0.514159520732209E+00     0.288484596880517E+01     0.601854851683156E+00
     0.513219881461178E+00     0.287783196447027E+01     0.598976815919964E+00
     0.512278243601373E+00     0.287081295525345E+01     0.596106381623946E+00
     0.511334544244993E+00     0.286378851853061E+01     0.593243515782416E+00
     0.510388716202540E+00     0.285675820200148E+01     0.590388182234994E+00
     0.509440687567274E+00     0.284972152066210E+01     0.587540341355915E+00
     0.508490381217883E+00     0.284267795335077E+01     0.584699949680689E+00
     0.507537714249884E+00     0.283562693879909E+01     0.581866959472867E+00
     0.506582597326851E+00     0.282856787112014E+01     0.579041318236827E+00
     0.505624933931953E+00     0.282150009460420E+01     0.576222968145245E+00
     0.504664619503232E+00     0.281442289770363E+01     0.573411845375824E+00
     0.503701540433402E+00     0.280733550606423E+01     0.570607879354707E+00
     0.502735572891425E+00     0.280023707433142E+01     0.567810991823128E+00
     0.501766581454442E+00     0.279312667660513E+01     0.565021095802818E+00
     0.500794417477232E+00     0.278600329508560E+01     0.562238094305486E+00
     0.499910514291224E+00     0.277953570110830E+01     0.559558173262214E+00
     0.499027465439642E+00     0.277308312662984E+01     0.556887919329496E+00
     0.498143725610767E+00     0.276663426336922E+01     0.554225698883401E+00
     0.497259289997718E+00     0.276018908260176E+01     0.551571510839449E+00
     0.496374153718739E+00     0.275374755501375E+01     0.548925353958569E+00
     0.495488311814994E+00     0.274730965068941E+01     0.546287226847306E+00
     0.494601759248079E+00     0.274087533909640E+01     0.543657127957174E+00
     0.493714490897684E+00     0.273444458907186E+01     0.541035055585099E+00
     0.492826501558963E+00     0.272801736880699E+01     0.538421007873016E+00
     0.491937785940059E+00     0.272159364583204E+01     0.535814982808555E+00
     0.491048338659067E+00     0.271517338699886E+01     0.533216978223871E+00
     0.490158154241351E+00     0.270875655846457E+01     0.530626991796407E+00
     0.489267227116468E+00     0.270234312567343E+01     0.528045021048531E+00
     0.488375551615027E+00     0.269593305333816E+01     0.525471063347443E+00
     0.487483121965314E+00     0.268952630542002E+01     0.522905115904687E+00
     0.486589932289974E+00     0.268312284510890E+01     0.520347175776449E+00
     0.485695976602360E+00     0.267672263480159E+01     0.517797239863136E+00
     0.484801248802745E+00     0.267032563607939E+01     0.515255304909016E+00
     0.483905742674493E+00     0.266393180968496E+01     0.512721367502391E+00
     0.483009451879831E+00     0.265754111549737E+01     0.510195424074830E+00
     0.482112369955558E+00     0.265115351250640E+01     0.507677470900943E+00
     0.481214490308656E+00     0.264476895878611E+01     0.505167504098484E+00
     0.480315806211376E+00     0.263838741146576E+01     0.502665519627248E+00
     0.479416310796403E+00     0.263200882670064E+01     0.500171513289077E+00
     0.478515997051670E+00     0.262563315964100E+01     0.497685480727469E+00
     0.477614857814753E+00     0.261926036439872E+01     0.495207417426411E+00
     0.476712885767353E+00     0.261289039401379E+01     0.492737318710629E+00
     0.475810073429125E+00     0.260652320041765E+01     0.490275179744331E+00
     0.474906413151477E+00     0.260015873439560E+01     0.487820995530947E+00
     0.474001897110839E+00     0.259379694554663E+01     0.485374760912025E+00
     0.473096517301680E+00     0.258743778224137E+01     0.482936470566379E+00
     0.472190265529251E+00     0.258108119157824E+01     0.480506119009548E+00
     0.471283133401803E+00     0.257472711933674E+01     0.478083700592614E+00
     0.470375112322394E+00     0.256837550992812E+01     0.475669209500942E+00
     0.469466193480352E+00     0.256202630634390E+01     0.473262639753188E+00
     0.468556367842316E+00     0.255567945010161E+01     0.470863985200393E+00
     0.467645626142547E+00     0.254933488118667E+01     0.468473239524043E+00
     0.466733958872898E+00     0.254299253799174E+01     0.466090396234740E+00
     0.465821356272258E+00     0.253665235725282E+01     0.463715448670910E+00
     0.464907808315328E+00     0.253031427398139E+01     0.461348389997105E+00
     0.463993304700653E+00     0.252397822139097E+01     0.458989213201455E+00
     0.463077834838014E+00     0.251764413082630E+01     0.456637911094672E+00
     0.462161387835444E+00     0.251131193167616E+01     0.454294476307264E+00
     0.461243952484846E+00     0.250498155129231E+01     0.451958901287143E+00
     0.460325517247317E+00     0.249865291489883E+01     0.449631178297671E+00
     0.459406070237164E+00     0.249232594549572E+01     0.447311299414236E+00
     0.458485599205358E+00     0.248600056375818E+01     0.444999256522103E+00
     0.457564091521495E+00     0.247967668792792E+01     0.442695041312273E+00
     0.456641534155448E+00     0.247335423370156E+01     0.440398645280703E+00
     0.455717913656328E+00     0.246703311410146E+01     0.438110059718564E+00
     0.454793216131960E+00     0.246071323935476E+01     0.435829275714101E+00
     0.453867427226638E+00     0.245439451675596E+01     0.433556284150662E+00
     0.452940532095605E+00     0.244807685051188E+01     0.431291075693337E+00
     0.452012515380282E+00     0.244176014159215E+01     0.429033640790396E+00
     0.451083361180554E+00     0.243544428756081E+01     0.426783969666245E+00
     0.450153053025587E+00     0.242912918239890E+01     0.424542052316005E+00
     0.449221573842573E+00     0.242281471631474E+01     0.422307878499241E+00
     0.448288905923333E+00     0.241650077554112E+01     0.420081437733162E+00
     0.447355030888730E+00     0.241018724211906E+01     0.417862719285701E+00
     0.446419929650433E+00     0.240387399366574E+01     0.415651712167358E+00
     0.445483582370309E+00     0.239756090312743E+01     0.413448405123571E+00
     0.444545968416587E+00     0.239124783851350E+01     0.411252786625174E+00
     0.443607066317054E+00     0.238493466261213E+01     0.409064844858689E+00
     0.442666853709032E+00     0.237862123268612E+01     0.406884567716434E+00
     0.441725307285505E+00     0.237230740014584E+01     0.404711942785038E+00
     0.440782402737321E+00     0.236599301019833E+01     0.402546957333096E+00
     0.439838114691287E+00     0.235967790147125E+01     0.400389598298431E+00
     0.438892416643650E+00     0.235336190560903E+01     0.398239852274201E+00
     0.437945280888572E+00     0.234704484683879E+01     0.396097705493704E+00
     0.436996678441393E+00     0.234072654150463E+01     0.393963143814471E+00
     0.436046578956024E+00     0.233440679756696E+01     0.391836152700563E+00
     0.435094950636528E+00     0.232808541406599E+01     0.389716717204760E+00
     0.434141760141818E+00     0.232176218054477E+01     0.387604821948241E+00
     0.433186972483685E+00     0.231543687643162E+01     0.385500451099920E+00
     0.432230550917405E+00     0.230910927037840E+01     0.383403588354252E+00
     0.431272456824698E+00     0.230277911955326E+01     0.381314216907828E+00
     0.430312649588775E+00     0.229644616888644E+01     0.379232319434993E+00
     0.429351086461283E+00     0.229011015026857E+01     0.377157878062399E+00
     0.428387722421401E+00     0.228377078170302E+01     0.375090874343423E+00
     0.427422510027296E+00     0.227742776641457E+01     0.373031289232377E+00
     0.426455399260802E+00     0.227108079192059E+01     0.370979103059203E+00
     0.425486337367399E+00     0.226472952907562E+01     0.368934295507786E+00
     0.424515268691803E+00     0.225837363110569E+01     0.366896845590835E+00
     0.423542134518262E+00     0.225201273265963E+01     0.364866731643206E+00
     0.422566872915593E+00     0.224564644891796E+01     0.362843931312782E+00
     0.421589418600547E+00     0.223927437481934E+01     0.360828421569963E+00
     0.420609702832889E+00     0.223289608449995E+01     0.358820178738464E+00
     0.419627653363654E+00     0.222651113108325E+01     0.356819178557015E+00
     0.418643194469864E+00     0.222011904703271E+01     0.354825396287999E+00
     0.417656247127003E+00     0.221371934539387E+01     0.352838806898032E+00
     0.416666729397504E+00     0.220731152242673E+01     0.350859385343764E+00
     0.415674557161466E+00     0.220089506242956E+01     0.348887107022883E+00
     0.414679645391536E+00     0.219446944604104E+01     0.346921948478352E+00
     0.413681910310889E+00     0.218803416417367E+01     0.344963888509339E+00
     0.412681273019940E+00     0.218158874129699E+01     0.343012909952029E+00
     0.411677665648663E+00     0.217513277480025E+01     0.341069002591814E+00
     0.410671042079911E+00     0.216866600339330E+01     0.339132168143045E+00
     0.409661397478562E+00     0.216218843149112E+01     0.337202429169854E+00
     0.408648806471118E+00     0.215570057211223E+01     0.335279846400347E+00
     0.407633506699429E+00     0.214920397818815E+01     0.333364556538188E+00
     0.406616121658044E+00     0.214270265960209E+01     0.331456873439845E+00
     0.405598600161484E+00     0.213620906098679E+01     0.329557718795124E+00
     0.404586561006590E+00     0.212975895173732E+01     0.327669671278435E+00
     0.403565326320152E+00     0.212325879443675E+01     0.325785849198360E+00
     0.402531879683809E+00     0.211668958577310E+01     0.323905017957265E+00
     0.401485305910468E+00     0.211004574976809E+01     0.322026954707279E+00
     0.400424551532864E+00     0.210332086160114E+01     0.320151396162602E+00
     0.399348392795497E+00     0.209650745063838E+01     0.318278028657909E+00
     0.398255393377444E+00     0.208959674017586E+01     0.316406474926782E+00
     0.397143847488682E+00     0.208257829705060E+01     0.314536276160602E+00
     0.396011701632748E+00     0.207543954971037E+01     0.312666867182102E+00
     0.394856444317497E+00     0.206816510867102E+01     0.310797541166135E+00
     0.393674946014691E+00     0.206073578012623E+01     0.308927398077433E+00
     0.392463218779935E+00     0.205312708391957E+01     0.307055266678147E+00
     0.391216039820942E+00     0.204530693203830E+01     0.305179581481497E+00
     0.390107080508926E+00     0.203836287310677E+01     0.303370284748900E+00
     0.389295868861866E+00     0.203328961353142E+01     0.301687357881373E+00
     0.388481049895784E+00     0.202819951098740E+01     0.300008705230054E+00
     0.387662546154708E+00     0.202309212903089E+01     0.298334330917598E+00
     0.386840276999965E+00     0.201796701302410E+01     0.296664238941581E+00
     0.386014158410621E+00     0.201282368898633E+01     0.294998433157930E+00
     0.385184102767225E+00     0.200766166234852E+01     0.293336917262812E+00
     0.384350018617626E+00     0.200248041660326E+01     0.291679694774490E+00
     0.383511810420210E+00     0.199727941182715E+01     0.290026769006288E+00
     0.382647525903677E+00     0.199192270774510E+01     0.288370107903573E+00
     0.381738327869781E+00     0.198629411606625E+01     0.286703278609909E+00
     0.380824779658781E+00     0.198064520099096E+01     0.285041454933461E+00
     0.379906379040369E+00     0.197497291755288E+01     0.283384499255630E+00
     0.378982656156523E+00     0.196927443275264E+01     0.281732294167295E+00
     0.378053156518259E+00     0.196354701976077E+01     0.280084735811968E+00
     0.377117428188897E+00     0.195778797851712E+01     0.278441729106250E+00
     0.376175011369561E+00     0.195199457163985E+01     0.276803184120063E+00
     0.375225429253039E+00     0.194616396851272E+01     0.275169013155620E+00
     0.374268179371179E+00     0.194029319278049E+01     0.273539128226673E+00
     0.373302724843821E+00     0.193437906958435E+01     0.271913438737169E+00
     0.372328485012676E+00     0.192841816938979E+01     0.270291849194621E+00
     0.371344824942715E+00     0.192240674528232E+01     0.268674256797690E+00
     0.370351043232769E+00     0.191634066036633E+01     0.267060548782226E+00
     0.369346357439841E+00     0.191021530112588E+01     0.265450599339930E+00
     0.368329886235273E+00     0.190402547149292E+01     0.263844265920669E+00
     0.367508899468263E+00     0.189903159003311E+01     0.262305446328124E+00
     0.366786017473005E+00     0.189463913817744E+01     0.260801732659096E+00
     0.366060605623166E+00     0.189023576713269E+01     0.259301688829273E+00
     0.365332623421127E+00     0.188582125783556E+01     0.257805320344842E+00
     0.364602029201769E+00     0.188139538485523E+01     0.256312632786504E+00
     0.363868780080873E+00     0.187695791610951E+01     0.254823631810128E+00
     0.363132831900355E+00     0.187250861256298E+01     0.253338323147397E+00
     0.362394139170054E+00     0.186804722790610E+01     0.251856712606290E+00
     0.361652655005751E+00     0.186357350821351E+01     0.250378806071328E+00
     0.360908331063186E+00     0.185908719157994E+01     0.248904609503765E+00
     0.360161117467764E+00     0.185458800773207E+01     0.247434128941845E+00
     0.359410962739434E+00     0.185007567761361E+01     0.245967370500733E+00
     0.358657813712278E+00     0.184554991294117E+01     0.244504340372001E+00
     0.357901615448563E+00     0.184101041572887E+01     0.243045044823320E+00
     0.357142311146476E+00     0.183645687777804E+01     0.241589490197687E+00
     0.356379842041057E+00     0.183188898012875E+01     0.240137682912437E+00
     0.355614147297519E+00     0.182730639246906E+01     0.238689629457720E+00
     0.354845163896237E+00     0.182270877249784E+01     0.237245336394549E+00
     0.354072826508708E+00     0.181809576523653E+01     0.235804810352898E+00
     0.353297067362979E+00     0.181346700228281E+01     0.234368058028393E+00
     0.352517816097903E+00     0.180882210100110E+01     0.232935086179038E+00
     0.351734999604495E+00     0.180416066364121E+01     0.231505901620735E+00
     0.350948541853810E+00     0.179948227636414E+01     0.230080511223449E+00
     0.350158363705179E+00     0.179478650823693E+01     0.228658921900153E+00
     0.349364382702641E+00     0.179007291001231E+01     0.227241140605735E+00
     0.348566512844496E+00     0.178534101289835E+01     0.225827174323646E+00
     0.347764664332099E+00     0.178059032714397E+01     0.224417030056029E+00
     0.346958743290700E+00     0.177582034048017E+01     0.223010714810308E+00
     0.346148651458934E+00     0.177103051638412E+01     0.221608235583542E+00
     0.345334285841457E+00     0.176622029213582E+01     0.220209599343003E+00
     0.344515538318879E+00     0.176138907663308E+01     0.218814813003359E+00
     0.343692295206920E+00     0.175653624791981E+01     0.217423883398558E+00
     0.342864436755467E+00     0.175166115037415E+01     0.216036817247899E+00
     0.342031836575634E+00     0.174676309148934E+01     0.214653621115014E+00
     0.341194360979046E+00     0.174184133817023E+01     0.213274301356408E+00
     0.340351868211955E+00     0.173689511232786E+01     0.211898864060203E+00
     0.339504207554271E+00     0.173192358600089E+01     0.210527314966680E+00
     0.338657622632437E+00     0.172696338234097E+01     0.209161033553113E+00
     0.337827386938865E+00     0.172210386677333E+01     0.207803195129017E+00
     0.336992043437782E+00     0.171721934370419E+01     0.206449145088104E+00
     0.336151431457348E+00     0.171230893097030E+01     0.205098888685814E+00
     0.335305380616811E+00     0.170737169265687E+01     0.203752430972553E+00
     0.334453709947420E+00     0.170240663421227E+01     0.202409776752798E+00
     0.333596226906892E+00     0.169741269696948E+01     0.201070930537611E+00
     0.332732726271302E+00     0.169238875198452E+01     0.199735896490037E+00
     0.331862988884832E+00     0.168733359308351E+01     0.198404678361230E+00
     0.330986780244598E+00     0.168224592899070E+01     0.197077279416357E+00
     0.330103848893104E+00     0.167712437438579E+01     0.195753702349681E+00
     0.329213924584215E+00     0.167196743969411E+01     0.194433949177671E+00
     0.328316716184321E+00     0.166677351941062E+01     0.193118021126306E+00
     0.327411909258065E+00     0.166154087865623E+01     0.191805918486845E+00
     0.326499163279496E+00     0.165626763765058E+01     0.190497640449728E+00
     0.325578108394627E+00     0.165095175368276E+01     0.189193184906105E+00
     0.324648341643988E+00     0.164559100006985E+01     0.187892548211625E+00
     0.323709422529407E+00     0.164018294145922E+01     0.186595724901245E+00
     0.322760867780998E+00     0.163472490466854E+01     0.185302707346039E+00
     0.321802145139268E+00     0.162921394403147E+01     0.184013485335872E+00
     0.320832665915331E+00     0.162364679992565E+01     0.182728045569056E+00
     0.319851776021494E+00     0.161801984876434E+01     0.181446371024008E+00
     0.318858745068131E+00     0.161232904219560E+01     0.180168440179396E+00
     0.317852752990041E+00     0.160656983251088E+01     0.178894226037614E+00
     0.316832873480317E+00     0.160073708022968E+01     0.177623694891701E+00
     0.315798053244255E+00     0.159482493834580E+01     0.176356804749128E+00
     0.314747085705394E+00     0.158882670559089E+01     0.175093503296579E+00
     0.313678577229921E+00     0.158273463791142E+01     0.173833725235642E+00
     0.312590903084634E+00     0.157653970259764E+01     0.172577388743179E+00
     0.311482149027845E+00     0.157023125214667E+01     0.171324390690165E+00
     0.310350032342161E+00     0.156379658325474E+01     0.170074600063566E+00
     0.309191792688034E+00     0.155722032715764E+01     0.168827848710222E+00
     0.308004037332448E+00     0.155048358496748E+01     0.167583917982706E+00
     0.306782514981781E+00     0.154356266391242E+01     0.166342518887710E+00
     0.305521773230861E+00     0.153642716290648E+01     0.165103261513182E+00
     0.304214616684583E+00     0.152903694358622E+01     0.163865605842142E+00
     0.302851202292669E+00     0.152133707253108E+01     0.162628778295951E+00
     0.301417421372705E+00     0.151324877388001E+01     0.161391619999648E+00
     0.299891729253677E+00     0.150465169810284E+01     0.160152284622297E+00
     0.298794612460927E+00     0.149847573885898E+01     0.158974125748943E+00
     0.298131361049427E+00     0.149474578600479E+01     0.157852713743094E+00
     0.297466659033026E+00     0.149101082071776E+01     0.156734269864013E+00
     0.296800494291693E+00     0.148727078412922E+01     0.155618796817160E+00
     0.296132854547150E+00     0.148352561662565E+01     0.154506297348571E+00
     0.295463727359693E+00     0.147977525783386E+01     0.153396774245052E+00
     0.294793100125132E+00     0.147601964660631E+01     0.152290230334848E+00
     0.294120960071675E+00     0.147225872100619E+01     0.151186668488374E+00
     0.293447294256522E+00     0.146849241829139E+01     0.150086091618475E+00
     0.292772089562640E+00     0.146472067489893E+01     0.148988502681316E+00
     0.292095332695244E+00     0.146094342642830E+01     0.147893904676821E+00
     0.291417010178329E+00     0.145716060762485E+01     0.146802300649440E+00
     0.290737108350944E+00     0.145337215236211E+01     0.145713693688553E+00
     0.290055613363582E+00     0.144957799362443E+01     0.144628086929392E+00
     0.289372511174211E+00     0.144577806348825E+01     0.143545483553380E+00
     0.288687787544529E+00     0.144197229310388E+01     0.142465886789214E+00
     0.288001428035719E+00     0.143816061267561E+01     0.141389299913116E+00
     0.287313418004378E+00     0.143434295144208E+01     0.140315726249714E+00
     0.286623742598288E+00     0.143051923765601E+01     0.139245169172853E+00
     0.285932386751981E+00     0.142668939856309E+01     0.138177632106219E+00
     0.285239335182177E+00     0.142285336038022E+01     0.137113118524013E+00
     0.284544572383229E+00     0.141901104827356E+01     0.136051631951889E+00
     0.283848082622248E+00     0.141516238633539E+01     0.134993175967547E+00
     0.283149849934240E+00     0.141130729756072E+01     0.133937754201647E+00
     0.282449858117003E+00     0.140744570382293E+01     0.132885370338545E+00
     0.281748090725864E+00     0.140357752584863E+01     0.131836028117022E+00
     0.281044531068442E+00     0.139970268319236E+01     0.130789731331422E+00
     0.280339162199020E+00     0.139582109420979E+01     0.129746483832324E+00
     0.279631966912753E+00     0.139193267603009E+01     0.128706289527227E+00
     0.278922927739950E+00     0.138803734452826E+01     0.127669152381805E+00
     0.278212026939974E+00     0.138413501429595E+01     0.126635076420743E+00
     0.277499246494902E+00     0.138022559861121E+01     0.125604065728476E+00
     0.276784568103115E+00     0.137630900940765E+01     0.124576124450258E+00
     0.276067973172718E+00     0.137238515724277E+01     0.123551256793265E+00
     0.275349442814641E+00     0.136845395126490E+01     0.122529467027546E+00
     0.274628957835457E+00     0.136451529917885E+01     0.121510759486846E+00
     0.273906498730216E+00     0.136056910721130E+01     0.120495138569969E+00
     0.273182045674831E+00     0.135661528007424E+01     0.119482608741743E+00
     0.272455578518184E+00     0.135265372092728E+01     0.118473174533936E+00
     0.271727076774252E+00     0.134868433133938E+01     0.117466840546787E+00
     0.270996519613576E+00     0.134470701124820E+01     0.116463611449761E+00
     0.270263885854763E+00     0.134072165891903E+01     0.115463491983006E+00
     0.269529153955579E+00     0.133672817090191E+01     0.114466486958569E+00
     0.268792302003584E+00     0.133272644198677E+01     0.113472601261379E+00
     0.268053307706749E+00     0.132871636515800E+01     0.112481839850860E+00
     0.267312148383494E+00     0.132469783154661E+01     0.111494207762079E+00
     0.266568800952473E+00     0.132067073038099E+01     0.110509710107146E+00
     0.265823241921915E+00     0.131663494893560E+01     0.109528352076486E+00
     0.265075447378858E+00     0.131259037247873E+01     0.108550138940687E+00
     0.264325392977296E+00     0.130853688421617E+01     0.107575076051133E+00
     0.263573053926847E+00     0.130447436523564E+01     0.106603168842324E+00
     0.262818404980342E+00     0.130040269444723E+01     0.105634422833207E+00
     0.262061420420501E+00     0.129632174852028E+01     0.104668843627597E+00
     0.261302074048548E+00     0.129223140182467E+01     0.103706436919202E+00
     0.260540339168157E+00     0.128813152635821E+01     0.102747208488955E+00
     0.259776188572571E+00     0.128402199168144E+01     0.101791164209280E+00
     0.259009594529559E+00     0.127990266484555E+01     0.100838310045442E+00
     0.258240528765923E+00     0.127577341031754E+01     0.998886520571972E-01
     0.257468962451505E+00     0.127163408990289E+01     0.989421964007426E-01
     0.256694866182521E+00     0.126748456266494E+01     0.979989493306677E-01
     0.255918209964169E+00     0.126332468484069E+01     0.970589172019008E-01
     0.255138963192537E+00     0.125915430975334E+01     0.961221064717611E-01
     0.254357094635786E+00     0.125497328772104E+01     0.951885237021460E-01
     0.253572572414435E+00     0.125078146596149E+01     0.942581755616090E-01
     0.252785363980874E+00     0.124657868849271E+01     0.933310688276484E-01
     0.251995436097981E+00     0.124236479602929E+01     0.924072103890853E-01
     0.251202754816697E+00     0.123813962587381E+01     0.914866072483102E-01
     0.250407285452797E+00     0.123390301180400E+01     0.905692665240091E-01
     0.249608992562315E+00     0.122965478395370E+01     0.896551954534159E-01
     0.248807839916113E+00     0.122539476868935E+01     0.887444013951537E-01
     0.248003790473048E+00     0.122112278847984E+01     0.878368918317784E-01
     0.247196806352157E+00     0.121683866176113E+01     0.869326743729040E-01
     0.246386848803050E+00     0.121254220279293E+01     0.860317567576301E-01
     0.245573878176099E+00     0.120823322151195E+01     0.851341468591787E-01
     0.244757853887831E+00     0.120391152336847E+01     0.842398526840011E-01
     0.243938734389958E+00     0.119957690916976E+01     0.833488823799584E-01
     0.243116477132027E+00     0.119522917490201E+01     0.824612442366443E-01
     0.242291038524574E+00     0.119086811154994E+01     0.815769466898128E-01
     0.241462373899593E+00     0.118649350490468E+01     0.806959983246467E-01
     0.240630437469250E+00     0.118210513536251E+01     0.798184078797481E-01
     0.239795182282271E+00     0.117770277771229E+01     0.789441842510144E-01
     0.238956560177732E+00     0.117328620091070E+01     0.780733364953693E-01
     0.238114521736717E+00     0.116885516784617E+01     0.772058738352542E-01
     0.237269016231009E+00     0.116440943508876E+01     0.763418056629401E-01
     0.236419991568829E+00     0.115994875262557E+01     0.754811415449106E-01
     0.235567394238163E+00     0.115547286358290E+01     0.746238912276196E-01
     0.234711169244388E+00     0.115098150392510E+01     0.737700646396958E-01
     0.233851260047953E+00     0.114647440214618E+01     0.729196719002801E-01
     0.232987608494865E+00     0.114195127893283E+01     0.720727233222885E-01
     0.232120154745219E+00     0.113741184681313E+01     0.712292294195610E-01
     0.231248837194785E+00     0.113285580977599E+01     0.703892009104382E-01
     0.230373592394673E+00     0.112828286287497E+01     0.695526487263871E-01
     0.229494354963047E+00     0.112369269179840E+01     0.687195840168014E-01
     0.228611057491822E+00     0.111908497241300E+01     0.678900181553122E-01
     0.227723630449211E+00     0.111445937028302E+01     0.670639627497919E-01
     0.226832002070702E+00     0.110981554014154E+01     0.662414296453382E-01
     0.225936098247053E+00     0.110515312533831E+01     0.654224309346355E-01
     0.225035842401907E+00     0.110047175724081E+01     0.646069789652255E-01
     0.224131155361643E+00     0.109577105459468E+01     0.637950863489978E-01
     0.223221955213923E+00     0.109105062283154E+01     0.629867659697693E-01
     0.222308157157080E+00     0.108631005332842E+01     0.621820309937313E-01
     0.221389673336472E+00     0.108154892260542E+01     0.613808948785504E-01
     0.220466412668917E+00     0.107676679146243E+01     0.605833713846263E-01
     0.219538280651862E+00     0.107196320404219E+01     0.597894745855591E-01
     0.218605179157607E+00     0.106713768681790E+01     0.589992188806252E-01
     0.217667006207444E+00     0.106228974748630E+01     0.582126190043531E-01
     0.216723655732360E+00     0.105741887378275E+01     0.574296900456662E-01
     0.215775017303370E+00     0.105252453216257E+01     0.566504474554258E-01
     0.214820975844605E+00     0.104760616638371E+01     0.558749070651144E-01
     0.213861411314834E+00     0.104266319594162E+01     0.551030851001376E-01
     0.212896198362545E+00     0.103769501436527E+01     0.543349982002574E-01
     0.211925205941482E+00     0.103270098732770E+01     0.535706634336351E-01
     0.210948296891572E+00     0.102768045057700E+01     0.528100983183580E-01
     0.209965327474782E+00     0.102263270764620E+01     0.520533208437017E-01
     0.208976146857779E+00     0.101755702730595E+01     0.513003494885968E-01
     0.207980596544541E+00     0.101245264075608E+01     0.505512032513777E-01
     0.206978509734642E+00     0.100731873846618E+01     0.498059016689366E-01
     0.205969710615299E+00     0.100215446667149E+01     0.490644648499363E-01
     0.204954013560694E+00     0.996958923421097E+00     0.483269135017447E-01
     0.203931222234173E+00     0.991731154139016E+00     0.475932689641193E-01
     0.202901128572822E+00     0.986470146604195E+00     0.468635532442375E-01
     0.201863511636406E+00     0.981174825256875E+00     0.461377890557651E-01
     0.200818136296162E+00     0.975844044710890E+00     0.454159998613406E-01
     0.199764751734254E+00     0.970476582327325E+00     0.446982099187554E-01
     0.198703089717739E+00     0.965071129671136E+00     0.439844443305073E-01
     0.197632862606550E+00     0.959626282643665E+00     0.432747291016091E-01
     0.196553761039545E+00     0.954140530016137E+00     0.425690912042850E-01
     0.195530507160244E+00     0.948942645115911E+00     0.418685264193820E-01
     0.194545327372602E+00     0.943942041035012E+00     0.411724256338695E-01
     0.193553749265537E+00     0.938912800788989E+00     0.404800536134604E-01
     0.192555620859358E+00     0.933854198730003E+00     0.397914306167969E-01
     0.191550783423160E+00     0.928765476703107E+00     0.391065774375464E-01
     0.190539071005943E+00     0.923645841774207E+00     0.384255154280841E-01
     0.189520309922537E+00     0.918494463737723E+00     0.377482665253127E-01
     0.188494318187959E+00     0.913310472373782E+00     0.370748532778652E-01
     0.187460904893929E+00     0.908092954423756E+00     0.364052988754545E-01
     0.186419869519779E+00     0.902840950246345E+00     0.357396271805751E-01
     0.185371001168501E+00     0.897553450109295E+00     0.350778627624345E-01
     0.184314077717459E+00     0.892229390065534E+00     0.344200309336053E-01
     0.183248864871436E+00     0.886867647353349E+00     0.337661577898559E-01
     0.182175115102999E+00     0.881467035247682E+00     0.331162702530979E-01
     0.181092566462936E+00     0.876026297278054E+00     0.324703961182559E-01
     0.180000941239662E+00     0.870544100710291E+00     0.318285641041686E-01
     0.178899944442714E+00     0.865019029170301E+00     0.311908039094089E-01
     0.177789262079711E+00     0.859449574260743E+00     0.305571462731725E-01
     0.176668559190403E+00     0.853834125992284E+00     0.299276230425966E-01
     0.175537477592182E+00     0.848170961807266E+00     0.293022672465298E-01
     0.174395633282213E+00     0.842458233926929E+00     0.286811131777206E-01
     0.173242613426681E+00     0.836693954683348E+00     0.280641964836695E-01
     0.172077972851421E+00     0.830875979416425E+00     0.274515542682301E-01
     0.170901229925105E+00     0.825001986403931E+00     0.268432252055320E-01
     0.169711861696387E+00     0.819069453147145E+00     0.262392496681855E-01
     0.168509298106826E+00     0.813075628140597E+00     0.256396698723556E-01
     0.167292915047992E+00     0.807017496992977E+00     0.250445300430875E-01
     0.166062025957582E+00     0.800891741406552E+00     0.244538766036195E-01
     0.164815871548013E+00     0.794694689026033E+00     0.238677583937661E-01
     0.163553607117742E+00     0.788422251466797E+00     0.232862269237900E-01
     0.162274286691012E+00     0.782069846831362E+00     0.227093366708416E-01
     0.160976842926026E+00     0.775632301526168E+00     0.221371454329442E-01
     0.159660061301890E+00     0.769103724085292E+00     0.215697147461801E-01
     0.158322546382773E+00     0.762477340226200E+00     0.210071103934284E-01
     0.156962676913187E+00     0.755745273241911E+00     0.204494030246636E-01
     0.155578544750090E+00     0.748898245275523E+00     0.198966689272691E-01
     0.154167869743814E+00     0.741925160848436E+00     0.193489909978280E-01
     0.152727877632951E+00     0.734812509292410E+00     0.188064599912377E-01
     0.151255118814217E+00     0.727543477646211E+00     0.182691761618062E-01
     0.149745188100254E+00     0.720096578627997E+00     0.177372514737152E-01
     0.148192268977170E+00     0.712443418965432E+00     0.172108126683024E-01
     0.146588343803964E+00     0.704544831234288E+00     0.166900056697216E-01
     0.144921706559520E+00     0.696343588605487E+00     0.161750021719610E-01
     0.143173824464900E+00     0.687749029175018E+00     0.156660099188023E-01
     0.141311503976572E+00     0.678598669379586E+00     0.151632891925652E-01
     0.139260962515093E+00     0.668531136563544E+00     0.146671756636791E-01
     0.137237122920805E+00     0.658601786040066E+00     0.141791114941551E-01
     0.135869753204608E+00     0.651898447128315E+00     0.136987870997288E-01
     0.134485995286473E+00     0.645119780022191E+00     0.132234009338541E-01
     0.133085203839952E+00     0.638262739414406E+00     0.127530089288658E-01
     0.131666689533653E+00     0.631324071605695E+00     0.122876693417846E-01
     0.130229714693885E+00     0.624300293929227E+00     0.118274429151551E-01
     0.128773488403839E+00     0.617187671499021E+00     0.113723930539955E-01
     0.127297160944954E+00     0.609982190834714E+00     0.109225860209747E-01
     0.125799817468997E+00     0.602679529833486E+00     0.104780911519589E-01
     0.124280470768956E+00     0.595275023459000E+00     0.100389810970935E-01
     0.122738052980581E+00     0.587763624356865E+00     0.960533208509430E-02
     0.121171406023417E+00     0.580139857477174E+00     0.917722422224494E-02
     0.119579270532757E+00     0.572397767530656E+00     0.875474182559386E-02
     0.117960272983526E+00     0.564530857854452E+00     0.833797379815784E-02
     0.116312910631339E+00     0.556532018906710E+00     0.792701405273616E-02
     0.114635533800927E+00     0.548393444156987E+00     0.752196199262722E-02
     0.112926324928318E+00     0.540106530550306E+00     0.712292305981119E-02
     0.111183273598598E+00     0.531661759941024E+00     0.673000936268803E-02
     0.109404146604176E+00     0.523048556860107E+00     0.634334039957961E-02
     0.107586451753285E+00     0.514255116576831E+00     0.596304389692777E-02
     0.105727393758582E+00     0.505268195513169E+00     0.558925678715911E-02
     0.103823819980518E+00     0.496072853429365E+00     0.522212635723283E-02
     0.101872153022895E+00     0.486652133101608E+00     0.486181160859132E-02
     0.998683060673499E-01     0.476986657930375E+00     0.450848488076533E-02
     0.978075752232974E-01     0.467054120257782E+00     0.416233380867013E-02
     0.956845007828133E-01     0.456828621817451E+00     0.382356370668998E-02
     0.934926856587999E-01     0.446279810560202E+00     0.349240050754290E-02
     0.912245536795648E-01     0.435371731431837E+00     0.316909443326149E-02
     0.888710214721489E-01     0.424061266139392E+00     0.285392465086641E-02
     0.864210429401274E-01     0.412295966873008E+00     0.254720527899309E-02
     0.838609601988841E-01     0.400010969304388E+00     0.224929329877111E-02
     0.811735500094469E-01     0.387124456901139E+00     0.196059921615937E-02
     0.783365708179367E-01     0.373530749148716E+00     0.168160184742415E-02
     0.753204485449386E-01     0.359089291669288E+00     0.141286953122325E-02
     0.720843819421580E-01     0.343606125538805E+00     0.115509187475881E-02
     0.685693097095515E-01     0.326800421477263E+00     0.909129890903410E-03
     0.646839621860099E-01     0.308238100306005E+00     0.676101025390911E-03
     0.602732934351463E-01     0.287181586546469E+00     0.457538378621776E-03
     0.550309249634121E-01     0.262173042098662E+00     0.255737069288374E-03
     0.481462897721359E-01     0.229354580589761E+00     0.747345975464345E-04
